 1 1  82585008.
 1 2  10280153.
 1 3 -364445.656
 1 4 -30799.3125
 1 5 -424850.25
 1 6  44292.5703
 1 7  66777.0625
 1 8  103685.469
 1 9  90076.1797
 1 10  98617.0703
 1 11  8465.24316
 1 12  75306.2812
 1 13  74058.5
 1 14  79009.3359
 1 15 -17063.6445
 1 16 -15827109.
 1 17 -686874.438
 1 18 -1396820.38
 1 19 -160850.391
 1 20  710252.688
 1 21  237131.156
 1 22  421123.062
 1 23  147702.125
 1 24 -17685.1152
 1 25 -59519.4648
 1 26 -56431.6836
 1 27  79454.9219
 1 28  56464.2461
 1 29 -41343.7461
 1 30 -146927.031
 1 31  128387024.
 1 32  7458463.5
 1 33 -272511.5
 1 34  631927.625
 1 35  1603034.88
 1 36  832035.75
 1 37  615498.625
 1 38  57381.1562
 1 39 -45111.8711
 1 40  172107.609
 1 41  69630.25
 1 42  173047.953
 1 43 -84029.8906
 1 44 -56868.3125
 1 45  148081.297
 2 1  10280153.
 2 2  15606837.
 2 3  1179914.5
 2 4  164977.188
 2 5  94198.1328
 2 6  50931.4023
 2 7  54679.0586
 2 8  98623.7188
 2 9  40085.6914
 2 10  52993.0898
 2 11 -25073.0801
 2 12  28080.4805
 2 13 -4745.27393
 2 14  8199.95117
 2 15 -13222.5176
 2 16 -986093.312
 2 17  6940951.
 2 18  226444.656
 2 19 -158143.5
 2 20 -266243.438
 2 21  146002.422
 2 22  175835.312
 2 23  104307.094
 2 24  50380.4531
 2 25 -66443.4609
 2 26 -9110.85449
 2 27 -37919.3242
 2 28 -13927.1748
 2 29 -50459.3867
 2 30 -54788.5117
 2 31  13523474.
 2 32  5972149.5
 2 33  146948.672
 2 34  345093.75
 2 35  366527.344
 2 36  317652.719
 2 37  29583.2598
 2 38 -3923.83496
 2 39 -95943.3359
 2 40  47513.668
 2 41 -28834.4941
 2 42 -51583.4453
 2 43 -39285.7969
 2 44  38439.9336
 2 45  56340.8047
 3 1 -364445.656
 3 2  1179914.5
 3 3  2682328.25
 3 4  405096.406
 3 5  72445.4766
 3 6  47775.6484
 3 7  5746.25
 3 8  23155.0781
 3 9  23827.8008
 3 10  18205.2812
 3 11 -6130.77344
 3 12  6680.96143
 3 13  6842.771
 3 14 -1466.38562
 3 15  10048.2158
 3 16  119404.469
 3 17  1648558.75
 3 18  1927978.38
 3 19  303695.219
 3 20  30209.1523
 3 21  51937.918
 3 22 -58930.8086
 3 23 -3077.69873
 3 24  40888.0938
 3 25  21851.875
 3 26  51192.4805
 3 27 -37363.2578
 3 28  4070.4458
 3 29  11469.1611
 3 30  22864.4883
 3 31  1237545.
 3 32  499451.719
 3 33  698631.312
 3 34 -162171.172
 3 35 -115527.43
 3 36  124179.18
 3 37 -82574.1328
 3 38  75676.3672
 3 39  66587.4609
 3 40  36473.9766
 3 41  64151.1055
 3 42  5041.33057
 3 43  11817.6729
 3 44  28048.7852
 3 45  22344.1035
 4 1 -30799.3125
 4 2  164977.188
 4 3  405096.406
 4 4  999273.438
 4 5  181610.281
 4 6  29657.918
 4 7  25737.666
 4 8  26861.6191
 4 9  9365.05273
 4 10  4588.62158
 4 11  7144.71191
 4 12  16065.7236
 4 13  13547.3887
 4 14  1261.44031
 4 15  649.206543
 4 16  1502605.75
 4 17  191796.734
 4 18  271140.469
 4 19  612191.562
 4 20  200864.328
 4 21  112660.102
 4 22  12289.0498
 4 23  32028.8926
 4 24  18118.2734
 4 25  11090.1504
 4 26  32053.2832
 4 27  24543.9082
 4 28  9846.71484
 4 29 -4730.52197
 4 30  4525.75098
 4 31  190890.219
 4 32  774350.688
 4 33  106044.07
 4 34  391848.062
 4 35  14298.5869
 4 36  76008.0391
 4 37 -10771.2559
 4 38  53022.1953
 4 39  14425.6191
 4 40 -3372.50854
 4 41  26449.1523
 4 42  11536.4102
 4 43 -3406.73706
 4 44 -2478.30176
 4 45  17192.4707
 5 1 -424850.25
 5 2  94198.1328
 5 3  72445.4766
 5 4  181610.281
 5 5  324797.156
 5 6  58540.3867
 5 7  22978.0469
 5 8  14269.1973
 5 9  13948.3486
 5 10  4206.6084
 5 11  667.761719
 5 12  3367.08594
 5 13  3616.75195
 5 14 -318.898041
 5 15  2985.54077
 5 16 -545013.375
 5 17  140860.344
 5 18 -50355.2539
 5 19  90988.9219
 5 20  174806.047
 5 21  53858.1094
 5 22  3210.63721
 5 23  16713.4746
 5 24  7749.85352
 5 25  2582.82593
 5 26  16577.9355
 5 27  5845.02051
 5 28  14108.0967
 5 29  4746.0249
 5 30  6663.77979
 5 31 -905103.938
 5 32  225424.688
 5 33 -154187.984
 5 34 -47734.1875
 5 35  92925.4141
 5 36 -7295.32422
 5 37 -11258.4365
 5 38  1308.81323
 5 39  19550.1484
 5 40 -9343.23438
 5 41  19653.1816
 5 42 -2485.16455
 5 43 -3437.09277
 5 44  876.128357
 5 45  12688.6484
 6 1  44292.5703
 6 2  50931.4023
 6 3  47775.6484
 6 4  29657.918
 6 5  58540.3867
 6 6  165981.109
 6 7  34607.4023
 6 8  12492.8477
 6 9  8654.96387
 6 10  6574.30225
 6 11  4672.36914
 6 12  4460.01465
 6 13  4136.88379
 6 14  711.206665
 6 15  435.026215
 6 16 -316364.531
 6 17 -76048.8203
 6 18 -17089.1699
 6 19  8000.88672
 6 20  22513.5156
 6 21  107281.906
 6 22  16415.8418
 6 23  15077.6787
 6 24 -14404.418
 6 25  7493.52637
 6 26  11311.9795
 6 27  5233.18213
 6 28  2870.60791
 6 29  1884.83569
 6 30  2035.71497
 6 31  192344.469
 6 32  5757.66162
 6 33 -30092.1777
 6 34 -38249.9102
 6 35  51884.75
 6 36  94770.6641
 6 37  22737.9316
 6 38  18420.1289
 6 39 -7867.11719
 6 40 -4575.76318
 6 41 -6649.87305
 6 42 -402.540039
 6 43  2852.36816
 6 44  7026.49805
 6 45  4566.72559
 7 1  66777.0625
 7 2  54679.0586
 7 3  5746.25
 7 4  25737.666
 7 5  22978.0469
 7 6  34607.4023
 7 7  108307.047
 7 8  21359.998
 7 9  9949.79688
 7 10  7174.51807
 7 11  1785.14673
 7 12  3225.01978
 7 13  3056.31787
 7 14  2612.37646
 7 15  2520.11914
 7 16 -172907.594
 7 17 -55895.2148
 7 18 -4848.43506
 7 19  19849.6719
 7 20  11939.1465
 7 21  7400.87842
 7 22  43518.4766
 7 23  19174.5391
 7 24  4132.17627
 7 25  4244.25342
 7 26  10912.5371
 7 27  11120.5234
 7 28  2498.82373
 7 29 -2754.08472
 7 30  3863.03882
 7 31  202661.438
 7 32  38607.4844
 7 33  30490.043
 7 34 -13647.1367
 7 35  33619.75
 7 36  18515.248
 7 37  53031.0547
 7 38  14443.6553
 7 39  597.469543
 7 40  2347.37915
 7 41 -5817.81592
 7 42 -465.080231
 7 43  1499.86682
 7 44 -13159.0312
 7 45 -6.48834372
 8 1  103685.469
 8 2  98623.7188
 8 3  23155.0781
 8 4  26861.6191
 8 5  14269.1973
 8 6  12492.8477
 8 7  21359.998
 8 8  63371.3242
 8 9  13206.4131
 8 10  7520.37793
 8 11  3633.08716
 8 12  1987.53589
 8 13  3287.87793
 8 14  2207.67993
 8 15  2097.78906
 8 16 -132260.469
 8 17 -36937.4141
 8 18  8068.31836
 8 19  45098.3906
 8 20  19398.6348
 8 21  3726.71021
 8 22  11707.8008
 8 23  30086.9219
 8 24  9464.45215
 8 25 -378.000702
 8 26  10888.1445
 8 27  5497.91309
 8 28  3675.13818
 8 29  1752.51929
 8 30  6242.20117
 8 31 -226971.047
 8 32  122521.523
 8 33 -11677.2891
 8 34  102458.078
 8 35  34504.9844
 8 36  470.890869
 8 37  6497.36475
 8 38  25279.4746
 8 39 -8917.48535
 8 40 -2136.07104
 8 41 -2462.20703
 8 42  1132.55347
 8 43 -4593.86719
 8 44 -34.3700714
 8 45  1002.69641
 9 1  90076.1797
 9 2  40085.6914
 9 3  23827.8008
 9 4  9365.05273
 9 5  13948.3486
 9 6  8654.96387
 9 7  9949.79688
 9 8  13206.4131
 9 9  35717.9648
 9 10  9244.29492
 9 11  2724.85327
 9 12  1955.73645
 9 13  2598.87329
 9 14  1009.07605
 9 15  1358.12781
 9 16 -210340.578
 9 17  39802.9023
 9 18  37633.9219
 9 19  19904.6016
 9 20  9980.88574
 9 21  19539.0312
 9 22  9859.31055
 9 23 -802.058228
 9 24  17802.9531
 9 25  7564.97217
 9 26  8382.13672
 9 27  2499.16602
 9 28  3198.55762
 9 29  578.042725
 9 30  2474.30493
 9 31 -70864.9062
 9 32  9927.97461
 9 33  12098.4658
 9 34  50317.7461
 9 35 -10026.4229
 9 36  15226.6934
 9 37 -6158.7373
 9 38  5464.6123
 9 39  13266.2432
 9 40  1424.08337
 9 41 -1307.41846
 9 42 -1156.10352
 9 43 -2356.93726
 9 44 -3914.4502
 9 45 -747.148926
 10 1  98617.0703
 10 2  52993.0898
 10 3  18205.2812
 10 4  4588.62158
 10 5  4206.6084
 10 6  6574.30225
 10 7  7174.51807
 10 8  7520.37793
 10 9  9244.29492
 10 10  29229.5332
 10 11  5314.21533
 10 12 -450.200531
 10 13  1482.19043
 10 14  980.385925
 10 15  2029.91211
 10 16  102705.523
 10 17 -47022.7734
 10 18  68842.3438
 10 19  3358.38354
 10 20 -1294.6571
 10 21  6393.45117
 10 22  16673.5879
 10 23  4421.29492
 10 24  4896.21729
 10 25  14143.791
 10 26  6164.85449
 10 27 -1046.41479
 10 28 -2544.21729
 10 29 -228.932846
 10 30  2352.29907
 10 31  162449.328
 10 32  1282.19836
 10 33 -48139.4766
 10 34 -2305.10303
 10 35  19076.1641
 10 36  12228.4912
 10 37  5547.27051
 10 38 -1926.66504
 10 39  2514.81152
 10 40  12280.7402
 10 41 -387.521973
 10 42 -732.437744
 10 43 -3381.40967
 10 44 -2189.79297
 10 45  562.817139
 11 1  8465.24316
 11 2 -25073.0801
 11 3 -6130.77344
 11 4  7144.71191
 11 5  667.761719
 11 6  4672.36914
 11 7  1785.14673
 11 8  3633.08716
 11 9  2724.85327
 11 10  5314.21533
 11 11  20408.793
 11 12  4579.59033
 11 13  769.055786
 11 14  1048.71118
 11 15  1608.48083
 11 16 -138421.656
 11 17  12579.9512
 11 18  13730.707
 11 19  35358.6797
 11 20  11164.7471
 11 21  11158.5703
 11 22  6052.41357
 11 23  4816.59326
 11 24  7071.15234
 11 25  8467.48242
 11 26  7865.24707
 11 27 -224.282669
 11 28  256.318054
 11 29  2505.23828
 11 30  2858.7583
 11 31 -41374.2578
 11 32  94395.8906
 11 33 -20391.2148
 11 34  41211.9961
 11 35  31969.084
 11 36  19214.0664
 11 37 -1127.01917
 11 38 -2935.08911
 11 39  2570.6521
 11 40  7078.40039
 11 41  8587.96777
 11 42 -59.5648155
 11 43  570.177002
 11 44  1256.17932
 11 45  403.762543
 12 1  75306.2812
 12 2  28080.4805
 12 3  6680.96143
 12 4  16065.7236
 12 5  3367.08594
 12 6  4460.01465
 12 7  3225.01978
 12 8  1987.53589
 12 9  1955.73645
 12 10 -450.200531
 12 11  4579.59033
 12 12  15792.8682
 12 13  3598.71631
 12 14  1343.28906
 12 15  1651.60413
 12 16  39397.1992
 12 17  14559.0918
 12 18  2055.24438
 12 19  24798.791
 12 20  9495.68848
 12 21  10209.1963
 12 22  5372.25977
 12 23  4566.86328
 12 24  5056.74316
 12 25  2622.96484
 12 26  2776.10522
 12 27  3463.08032
 12 28  1498.83093
 12 29  2689.27026
 12 30  1492.4292
 12 31  86269.1953
 12 32  19046.6582
 12 33  14651.2871
 12 34  43501.1953
 12 35  13412.3857
 12 36  14708.7754
 12 37 -1039.28064
 12 38 -648.064209
 12 39  2282.47852
 12 40  760.241455
 12 41 -1026.48218
 12 42 -355.813782
 12 43  227.941223
 12 44 -1272.85144
 12 45 -652.367859
 13 1  74058.5
 13 2 -4745.27393
 13 3  6842.771
 13 4  13547.3887
 13 5  3616.75195
 13 6  4136.88379
 13 7  3056.31787
 13 8  3287.87793
 13 9  2598.87329
 13 10  1482.19043
 13 11  769.055786
 13 12  3598.71631
 13 13  12895.5527
 13 14  2305.66528
 13 15  2137.58691
 13 16  138184.656
 13 17  5433.7417
 13 18  37358.2109
 13 19  21053.8711
 13 20  13446.7422
 13 21  10300.0938
 13 22  5208.77148
 13 23  1878.62207
 13 24  5344.2417
 13 25 -336.569275
 13 26  2544.90649
 13 27  3885.49414
 13 28  4842.39062
 13 29  2882.82642
 13 30  2231.16821
 13 31  67203.5078
 13 32  12186.9375
 13 33  20315.2734
 13 34  31018.084
 13 35 -331.115997
 13 36  5083.74512
 13 37  7040.86572
 13 38  3299.70728
 13 39  1792.63269
 13 40 -1143.30359
 13 41 -1391.72424
 13 42  688.090088
 13 43  5441.10596
 13 44 -666.991455
 13 45  495.220184
 14 1  79009.3359
 14 2  8199.95117
 14 3 -1466.38562
 14 4  1261.44031
 14 5 -318.898041
 14 6  711.206665
 14 7  2612.37646
 14 8  2207.67993
 14 9  1009.07605
 14 10  980.385925
 14 11  1048.71118
 14 12  1343.28906
 14 13  2305.66528
 14 14  9270.55859
 14 15  2114.11304
 14 16 -15655.6631
 14 17 -53272.5352
 14 18  9588.31055
 14 19  3201.97998
 14 20 -520.630188
 14 21  5241.57861
 14 22  928.810547
 14 23  2243.04028
 14 24  4021.44434
 14 25 -1124.22681
 14 26  842.847107
 14 27 -504.770477
 14 28  1081.80676
 14 29  1324.58484
 14 30  1124.91357
 14 31  42927.5703
 14 32 -6778.43555
 14 33 -41429.9648
 14 34  6794.54834
 14 35  872.661499
 14 36 -4749.77979
 14 37  4560.25293
 14 38  965.750488
 14 39 -4916.55859
 14 40 -495.707886
 14 41 -199.084091
 14 42 -1663.27649
 14 43 -896.898621
 14 44  4210.91309
 14 45 -249.305679
 15 1 -17063.6445
 15 2 -13222.5176
 15 3  10048.2158
 15 4  649.206543
 15 5  2985.54077
 15 6  435.026215
 15 7  2520.11914
 15 8  2097.78906
 15 9  1358.12781
 15 10  2029.91211
 15 11  1608.48083
 15 12  1651.60413
 15 13  2137.58691
 15 14  2114.11304
 15 15  8902.91602
 15 16  105316.031
 15 17 -8972.6582
 15 18  39607.043
 15 19  9798.99121
 15 20  745.766602
 15 21  1240.98096
 15 22  1751.9458
 15 23  4159.21045
 15 24  3023.13818
 15 25  1017.61566
 15 26 -1437.64514
 15 27 -1763.46411
 15 28  662.81842
 15 29 -110.289169
 15 30  1711.92371
 15 31 -26185.0547
 15 32 -8362.55664
 15 33  23139.5664
 15 34  19516.7969
 15 35  765.312439
 15 36  9208.81934
 15 37  1908.77417
 15 38  751.89856
 15 39 -2794.84766
 15 40 -12.1947803
 15 41 -1025.51294
 15 42 -2494.79956
 15 43 -1039.67761
 15 44  523.510742
 15 45  511.98584
 16 1 -15827109.
 16 2 -986093.312
 16 3  119404.469
 16 4  1502605.75
 16 5 -545013.375
 16 6 -316364.531
 16 7 -172907.594
 16 8 -132260.469
 16 9 -210340.578
 16 10  102705.523
 16 11 -138421.656
 16 12  39397.1992
 16 13  138184.656
 16 14 -15655.6631
 16 15  105316.031
 16 16  449556448.
 16 17  40373104.
 16 18  857054.
 16 19  2416655.25
 16 20 -1349854.12
 16 21  911134.
 16 22  459522.969
 16 23  680782.125
 16 24  240389.734
 16 25 -106999.57
 16 26 -275099.5
 16 27  131680.031
 16 28 -173505.203
 16 29  65580.4375
 16 30 -7654.57861
 16 31  88476816.
 16 32 -20237244.
 16 33 -2682328.75
 16 34  882934.562
 16 35 -1435787.88
 16 36 -600202.625
 16 37  280358.906
 16 38 -501520.531
 16 39 -493342.688
 16 40 -704655.438
 16 41 -320591.594
 16 42 -537964.
 16 43  74484.2734
 16 44  262171.375
 16 45  520036.75
 17 1 -686874.438
 17 2  6940951.
 17 3  1648558.75
 17 4  191796.734
 17 5  140860.344
 17 6 -76048.8203
 17 7 -55895.2148
 17 8 -36937.4141
 17 9  39802.9023
 17 10 -47022.7734
 17 11  12579.9512
 17 12  14559.0918
 17 13  5433.7417
 17 14 -53272.5352
 17 15 -8972.6582
 17 16  40373104.
 17 17  66532228.
 17 18  4436188.
 17 19  825168.375
 17 20  509401.438
 17 21 -143910.
 17 22  264495.438
 17 23  51358.6914
 17 24 -85013.6562
 17 25 -115382.195
 17 26 -31076.6172
 17 27  56975.7812
 17 28  86728.6797
 17 29  26985.1543
 17 30 -15911.3828
 17 31  8235566.5
 17 32  1235981.38
 17 33 -939158.375
 17 34  839864.25
 17 35  113699.211
 17 36 -612820.938
 17 37  169031.359
 17 38 -49701.4805
 17 39  20208.0605
 17 40 -12786.8262
 17 41  76445.1172
 17 42  71501.6016
 17 43  164645.953
 17 44 -98456.8359
 17 45  202884.078
 18 1 -1396820.38
 18 2  226444.656
 18 3  1927978.38
 18 4  271140.469
 18 5 -50355.2539
 18 6 -17089.1699
 18 7 -4848.43506
 18 8  8068.31836
 18 9  37633.9219
 18 10  68842.3438
 18 11  13730.707
 18 12  2055.24438
 18 13  37358.2109
 18 14  9588.31055
 18 15  39607.043
 18 16  857054.
 18 17  4436188.
 18 18  15241516.
 18 19  1640642.25
 18 20  407512.906
 18 21  152822.938
 18 22 -18957.0449
 18 23  120704.781
 18 24  121272.375
 18 25  41431.3867
 18 26  71953.75
 18 27  14527.1709
 18 28 -9401.23242
 18 29  119.800087
 18 30  21192.2852
 18 31 -628121.
 18 32  1516446.5
 18 33  1836981.75
 18 34  244006.234
 18 35 -59852.2266
 18 36  320788.156
 18 37  255456.953
 18 38  335229.188
 18 39  220454.781
 18 40  17544.3594
 18 41  89079.7969
 18 42  13493.5791
 18 43  63692.0625
 18 44 -30192.7812
 18 45 -55936.5273
 19 1 -160850.391
 19 2 -158143.5
 19 3  303695.219
 19 4  612191.562
 19 5  90988.9219
 19 6  8000.88672
 19 7  19849.6719
 19 8  45098.3906
 19 9  19904.6016
 19 10  3358.38354
 19 11  35358.6797
 19 12  24798.791
 19 13  21053.8711
 19 14  3201.97998
 19 15  9798.99121
 19 16  2416655.25
 19 17  825168.375
 19 18  1640642.25
 19 19  6405490.5
 19 20  851715.438
 19 21  237312.297
 19 22  204837.141
 19 23  248638.641
 19 24  117775.68
 19 25  68410.8516
 19 26  80542.5859
 19 27  32830.793
 19 28 -6277.02979
 19 29  22995.7637
 19 30  37797.4062
 19 31  2696686.
 19 32 -1298360.75
 19 33 -604001.875
 19 34  1585543.75
 19 35  242552.891
 19 36  126754.711
 19 37  159002.562
 19 38  112489.445
 19 39  121726.242
 19 40 -19157.0898
 19 41  53035.7852
 19 42  16411.4629
 19 43 -3819.82837
 19 44  24992.3672
 19 45  70949.8672
 20 1  710252.688
 20 2 -266243.438
 20 3  30209.1523
 20 4  200864.328
 20 5  174806.047
 20 6  22513.5156
 20 7  11939.1465
 20 8  19398.6348
 20 9  9980.88574
 20 10 -1294.6571
 20 11  11164.7471
 20 12  9495.68848
 20 13  13446.7422
 20 14 -520.630188
 20 15  745.766602
 20 16 -1349854.12
 20 17  509401.438
 20 18  407512.906
 20 19  851715.438
 20 20  2115201.
 20 21  425568.625
 20 22  123908.656
 20 23  95481.0703
 20 24  72562.8438
 20 25  49563.7266
 20 26  24636.498
 20 27  36666.9844
 20 28  39463.9883
 20 29  28976.3184
 20 30  25938.6582
 20 31  488047.531
 20 32 -605629.438
 20 33 -218660.562
 20 34  219633.734
 20 35  458915.969
 20 36  216551.234
 20 37  152712.062
 20 38  56516.4844
 20 39  99823.5703
 20 40 -30144.9648
 20 41  71934.5234
 20 42 -15385.8975
 20 43 -30609.8516
 20 44  16148.5508
 20 45  36821.8047
 21 1  237131.156
 21 2  146002.422
 21 3  51937.918
 21 4  112660.102
 21 5  53858.1094
 21 6  107281.906
 21 7  7400.87842
 21 8  3726.71021
 21 9  19539.0312
 21 10  6393.45117
 21 11  11158.5703
 21 12  10209.1963
 21 13  10300.0938
 21 14  5241.57861
 21 15  1240.98096
 21 16  911134.
 21 17 -143910.
 21 18  152822.938
 21 19  237312.297
 21 20  425568.625
 21 21  1247856.5
 21 22  238067.719
 21 23  63512.8477
 21 24  33935.875
 21 25  35134.3555
 21 26  24940.2148
 21 27  3432.26172
 21 28  17556.7559
 21 29  11808.5303
 21 30  4239.69043
 21 31  171630.906
 21 32 -178179.969
 21 33  134079.734
 21 34  33689.5273
 21 35  111109.992
 21 36  428077.469
 21 37  129128.398
 21 38 -14161.1191
 21 39  47041.5234
 21 40  27895.9336
 21 41  12198.624
 21 42 -15259.9434
 21 43 -3742.98267
 21 44  17047.5508
 21 45  13168.249
 22 1  421123.062
 22 2  175835.312
 22 3 -58930.8086
 22 4  12289.0498
 22 5  3210.63721
 22 6  16415.8418
 22 7  43518.4766
 22 8  11707.8008
 22 9  9859.31055
 22 10  16673.5879
 22 11  6052.41357
 22 12  5372.25977
 22 13  5208.77148
 22 14  928.810547
 22 15  1751.9458
 22 16  459522.969
 22 17  264495.438
 22 18 -18957.0449
 22 19  204837.141
 22 20  123908.656
 22 21  238067.719
 22 22  641266.312
 22 23  143148.359
 22 24  32519.0742
 22 25  55351.0078
 22 26  17247.0195
 22 27  15407.6807
 22 28 -4053.34644
 22 29  2163.73779
 22 30  4850.24023
 22 31  1635684.38
 22 32 -107249.164
 22 33  111273.961
 22 34 -4444.80273
 22 35 -2354.00415
 22 36  101641.922
 22 37  208269.094
 22 38  50992.8594
 22 39  8219.64844
 22 40  23368.9141
 22 41  16568.1484
 22 42  4253.22119
 22 43  9540.35449
 22 44 -16693.4844
 22 45  10619.7979
 23 1  147702.125
 23 2  104307.094
 23 3 -3077.69873
 23 4  32028.8926
 23 5  16713.4746
 23 6  15077.6787
 23 7  19174.5391
 23 8  30086.9219
 23 9 -802.058228
 23 10  4421.29492
 23 11  4816.59326
 23 12  4566.86328
 23 13  1878.62207
 23 14  2243.04028
 23 15  4159.21045
 23 16  680782.125
 23 17  51358.6914
 23 18  120704.781
 23 19  248638.641
 23 20  95481.0703
 23 21  63512.8477
 23 22  143148.359
 23 23  357497.75
 23 24  80507.1875
 23 25  34303.0859
 23 26  9934.50879
 23 27  3571.93481
 23 28  12490.165
 23 29  14358.54
 23 30  5133.66602
 23 31  448105.969
 23 32 -310295.938
 23 33 -115536.273
 23 34  60284.0586
 23 35  1806.29187
 23 36 -46324.6406
 23 37  82669.125
 23 38  54939.2812
 23 39 -1122.50635
 23 40 -11791.7783
 23 41  16268.2578
 23 42  2206.20361
 23 43  4612.2334
 23 44  4868.49463
 23 45  16135.4404
 24 1 -17685.1152
 24 2  50380.4531
 24 3  40888.0938
 24 4  18118.2734
 24 5  7749.85352
 24 6 -14404.418
 24 7  4132.17627
 24 8  9464.45215
 24 9  17802.9531
 24 10  4896.21729
 24 11  7071.15234
 24 12  5056.74316
 24 13  5344.2417
 24 14  4021.44434
 24 15  3023.13818
 24 16  240389.734
 24 17 -85013.6562
 24 18  121272.375
 24 19  117775.68
 24 20  72562.8438
 24 21  33935.875
 24 22  32519.0742
 24 23  80507.1875
 24 24  254143.25
 24 25  49900.0312
 24 26  18872.3242
 24 27  13776.7266
 24 28  12748.0059
 24 29  10309.8564
 24 30  6147.27588
 24 31 -34993.0859
 24 32 -95625.4219
 24 33  28087.7148
 24 34  121298.547
 24 35  7165.55713
 24 36 -29282.8438
 24 37  14455.0986
 24 38  42207.957
 24 39  71734.3516
 24 40  5304.57129
 24 41  14456.1777
 24 42 -991.917542
 24 43 -3909.73145
 24 44  440.724121
 24 45  7504.54639
 25 1 -59519.4648
 25 2 -66443.4609
 25 3  21851.875
 25 4  11090.1504
 25 5  2582.82593
 25 6  7493.52637
 25 7  4244.25342
 25 8 -378.000702
 25 9  7564.97217
 25 10  14143.791
 25 11  8467.48242
 25 12  2622.96484
 25 13 -336.569275
 25 14 -1124.22681
 25 15  1017.61566
 25 16 -106999.57
 25 17 -115382.195
 25 18  41431.3867
 25 19  68410.8516
 25 20  49563.7266
 25 21  35134.3555
 25 22  55351.0078
 25 23  34303.0859
 25 24  49900.0312
 25 25  164297.922
 25 26  39564.5195
 25 27  17793.8613
 25 28  10676.1768
 25 29  7276.19678
 25 30  5072.96582
 25 31 -5371.41309
 25 32 -90050.6797
 25 33  88680.5781
 25 34 -20578.4805
 25 35  50431.7344
 25 36  45107.3281
 25 37  40124.6406
 25 38  26350.0742
 25 39  34485.1602
 25 40  29015.9258
 25 41  7846.45996
 25 42 -3347.63208
 25 43  3066.90942
 25 44  2691.97827
 25 45  7620.15576
 26 1 -56431.6836
 26 2 -9110.85449
 26 3  51192.4805
 26 4  32053.2832
 26 5  16577.9355
 26 6  11311.9795
 26 7  10912.5371
 26 8  10888.1445
 26 9  8382.13672
 26 10  6164.85449
 26 11  7865.24707
 26 12  2776.10522
 26 13  2544.90649
 26 14  842.847107
 26 15 -1437.64514
 26 16 -275099.5
 26 17 -31076.6172
 26 18  71953.75
 26 19  80542.5859
 26 20  24636.498
 26 21  24940.2148
 26 22  17247.0195
 26 23  9934.50879
 26 24  18872.3242
 26 25  39564.5195
 26 26  123772.312
 26 27  23407.0664
 26 28  3350.82178
 26 29  2277.75
 26 30 -438.954559
 26 31  165193.922
 26 32 -22915.6934
 26 33  120719.992
 26 34  72956.4688
 26 35  9759.31836
 26 36  10876.1816
 26 37  10936.2041
 26 38  12996.9639
 26 39  2253.53198
 26 40  14354.6621
 26 41  15308.249
 26 42  3182.38403
 26 43  1273.90149
 26 44  5748.88477
 26 45  5961.2959
 27 1  79454.9219
 27 2 -37919.3242
 27 3 -37363.2578
 27 4  24543.9082
 27 5  5845.02051
 27 6  5233.18213
 27 7  11120.5234
 27 8  5497.91309
 27 9  2499.16602
 27 10 -1046.41479
 27 11 -224.282669
 27 12  3463.08032
 27 13  3885.49414
 27 14 -504.770477
 27 15 -1763.46411
 27 16  131680.031
 27 17  56975.7812
 27 18  14527.1709
 27 19  32830.793
 27 20  36666.9844
 27 21  3432.26172
 27 22  15407.6807
 27 23  3571.93481
 27 24  13776.7266
 27 25  17793.8613
 27 26  23407.0664
 27 27  90192.5078
 27 28  23036.002
 27 29  5906.80518
 27 30  5975.18652
 27 31  128884.656
 27 32 -232964.562
 27 33 -24613.0957
 27 34  53916.8555
 27 35  23002.5332
 27 36 -7091.01367
 27 37  16488.4414
 27 38  10044.5654
 27 39  7143.69873
 27 40  2724.39136
 27 41 -3257.81543
 27 42  10481.4766
 27 43  403.454895
 27 44  1268.7699
 27 45  2595.78613
 28 1  56464.2461
 28 2 -13927.1748
 28 3  4070.4458
 28 4  9846.71484
 28 5  14108.0967
 28 6  2870.60791
 28 7  2498.82373
 28 8  3675.13818
 28 9  3198.55762
 28 10 -2544.21729
 28 11  256.318054
 28 12  1498.83093
 28 13  4842.39062
 28 14  1081.80676
 28 15  662.81842
 28 16 -173505.203
 28 17  86728.6797
 28 18 -9401.23242
 28 19 -6277.02979
 28 20  39463.9883
 28 21  17556.7559
 28 22 -4053.34644
 28 23  12490.165
 28 24  12748.0059
 28 25  10676.1768
 28 26  3350.82178
 28 27  23036.002
 28 28  70349.5391
 28 29  19228.5859
 28 30  4166.75049
 28 31  118123.258
 28 32  99585.2031
 28 33  13258.6465
 28 34 -336.251373
 28 35  10874.1523
 28 36 -31898.084
 28 37  18218.0742
 28 38  3117.14941
 28 39  325.918915
 28 40 -1111.62793
 28 41  2990.23535
 28 42  13933.2744
 28 43  10399.7246
 28 44  3048.8772
 28 45 -153.372635
 29 1 -41343.7461
 29 2 -50459.3867
 29 3  11469.1611
 29 4 -4730.52197
 29 5  4746.0249
 29 6  1884.83569
 29 7 -2754.08472
 29 8  1752.51929
 29 9  578.042725
 29 10 -228.932846
 29 11  2505.23828
 29 12  2689.27026
 29 13  2882.82642
 29 14  1324.58484
 29 15 -110.289169
 29 16  65580.4375
 29 17  26985.1543
 29 18  119.800087
 29 19  22995.7637
 29 20  28976.3184
 29 21  11808.5303
 29 22  2163.73779
 29 23  14358.54
 29 24  10309.8564
 29 25  7276.19678
 29 26  2277.75
 29 27  5906.80518
 29 28  19228.5859
 29 29  58085.5156
 29 30  14648.3477
 29 31 -217299.703
 29 32 -64936.9023
 29 33 -13989.1348
 29 34 -22339.959
 29 35  29373.1602
 29 36 -8590.36035
 29 37  8757.9502
 29 38  7098.92188
 29 39  18104.0098
 29 40  5831.47656
 29 41  11394.5566
 29 42  4460.80566
 29 43  6879.32666
 29 44  7658.72266
 29 45  2677.77759
 30 1 -146927.031
 30 2 -54788.5117
 30 3  22864.4883
 30 4  4525.75098
 30 5  6663.77979
 30 6  2035.71497
 30 7  3863.03882
 30 8  6242.20117
 30 9  2474.30493
 30 10  2352.29907
 30 11  2858.7583
 30 12  1492.4292
 30 13  2231.16821
 30 14  1124.91357
 30 15  1711.92371
 30 16 -7654.57861
 30 17 -15911.3828
 30 18  21192.2852
 30 19  37797.4062
 30 20  25938.6582
 30 21  4239.69043
 30 22  4850.24023
 30 23  5133.66602
 30 24  6147.27588
 30 25  5072.96582
 30 26 -438.954559
 30 27  5975.18652
 30 28  4166.75049
 30 29  14648.3477
 30 30  46160.0547
 30 31 -398233.
 30 32 -71284.6406
 30 33  9339.05957
 30 34 -3927.61035
 30 35 -7065.19629
 30 36  16424.793
 30 37  15725.918
 30 38 -635.952637
 30 39  11999.5576
 30 40  1653.32373
 30 41 -3151.52734
 30 42 -9863.28809
 30 43 -986.26947
 30 44  3911.81177
 30 45  5286.34375
 31 1  128387024.
 31 2  13523474.
 31 3  1237545.
 31 4  190890.219
 31 5 -905103.938
 31 6  192344.469
 31 7  202661.438
 31 8 -226971.047
 31 9 -70864.9062
 31 10  162449.328
 31 11 -41374.2578
 31 12  86269.1953
 31 13  67203.5078
 31 14  42927.5703
 31 15 -26185.0547
 31 16  88476816.
 31 17  8235566.5
 31 18 -628121.
 31 19  2696686.
 31 20  488047.531
 31 21  171630.906
 31 22  1635684.38
 31 23  448105.969
 31 24 -34993.0859
 31 25 -5371.41309
 31 26  165193.922
 31 27  128884.656
 31 28  118123.258
 31 29 -217299.703
 31 30 -398233.
 31 31  565786112.
 31 32  25607656.
 31 33  161279.266
 31 34  2576549.
 31 35  3456598.
 31 36  1725498.62
 31 37  2011514.12
 31 38  316932.312
 31 39 -329666.406
 31 40  65444.9453
 31 41  388531.406
 31 42  568897.438
 31 43  37334.6758
 31 44 -92024.5312
 31 45 -36753.9219
 32 1  7458463.5
 32 2  5972149.5
 32 3  499451.719
 32 4  774350.688
 32 5  225424.688
 32 6  5757.66162
 32 7  38607.4844
 32 8  122521.523
 32 9  9927.97461
 32 10  1282.19836
 32 11  94395.8906
 32 12  19046.6582
 32 13  12186.9375
 32 14 -6778.43555
 32 15 -8362.55664
 32 16 -20237244.
 32 17  1235981.38
 32 18  1516446.5
 32 19 -1298360.75
 32 20 -605629.438
 32 21 -178179.969
 32 22 -107249.164
 32 23 -310295.938
 32 24 -95625.4219
 32 25 -90050.6797
 32 26 -22915.6934
 32 27 -232964.562
 32 28  99585.2031
 32 29 -64936.9023
 32 30 -71284.6406
 32 31  25607656.
 32 32  96071264.
 32 33  7314205.
 32 34  3775621.75
 32 35  1614715.
 32 36  386404.75
 32 37 -358477.188
 32 38  496646.969
 32 39  300325.281
 32 40 -156845.844
 32 41  100300.234
 32 42  93959.0391
 32 43  224821.469
 32 44 -54453.0117
 32 45  62292.0703
 33 1 -272511.5
 33 2  146948.672
 33 3  698631.312
 33 4  106044.07
 33 5 -154187.984
 33 6 -30092.1777
 33 7  30490.043
 33 8 -11677.2891
 33 9  12098.4658
 33 10 -48139.4766
 33 11 -20391.2148
 33 12  14651.2871
 33 13  20315.2734
 33 14 -41429.9648
 33 15  23139.5664
 33 16 -2682328.75
 33 17 -939158.375
 33 18  1836981.75
 33 19 -604001.875
 33 20 -218660.562
 33 21  134079.734
 33 22  111273.961
 33 23 -115536.273
 33 24  28087.7148
 33 25  88680.5781
 33 26  120719.992
 33 27 -24613.0957
 33 28  13258.6465
 33 29 -13989.1348
 33 30  9339.05957
 33 31  161279.266
 33 32  7314205.
 33 33  24376784.
 33 34  3020980.5
 33 35  257576.188
 33 36  458369.156
 33 37  150906.172
 33 38  198351.609
 33 39  76689.3984
 33 40 -31339.5898
 33 41 -90128.0625
 33 42  10430.6895
 33 43  166123.469
 33 44 -105.405365
 33 45  46556.1055
 34 1  631927.625
 34 2  345093.75
 34 3 -162171.172
 34 4  391848.062
 34 5 -47734.1875
 34 6 -38249.9102
 34 7 -13647.1367
 34 8  102458.078
 34 9  50317.7461
 34 10 -2305.10303
 34 11  41211.9961
 34 12  43501.1953
 34 13  31018.084
 34 14  6794.54834
 34 15  19516.7969
 34 16  882934.562
 34 17  839864.25
 34 18  244006.234
 34 19  1585543.75
 34 20  219633.734
 34 21  33689.5273
 34 22 -4444.80273
 34 23  60284.0586
 34 24  121298.547
 34 25 -20578.4805
 34 26  72956.4688
 34 27  53916.8555
 34 28 -336.251373
 34 29 -22339.959
 34 30 -3927.61035
 34 31  2576549.
 34 32  3775621.75
 34 33  3020980.5
 34 34  9924264.
 34 35  1466212.88
 34 36  61209.875
 34 37  48619.5898
 34 38  225870.297
 34 39 -9043.26074
 34 40 -23334.2148
 34 41 -63945.1875
 34 42 -56511.8086
 34 43  12285.1045
 34 44 -41515.1211
 34 45  36210.6367
 35 1  1603034.88
 35 2  366527.344
 35 3 -115527.43
 35 4  14298.5869
 35 5  92925.4141
 35 6  51884.75
 35 7  33619.75
 35 8  34504.9844
 35 9 -10026.4229
 35 10  19076.1641
 35 11  31969.084
 35 12  13412.3857
 35 13 -331.115997
 35 14  872.661499
 35 15  765.312439
 35 16 -1435787.88
 35 17  113699.211
 35 18 -59852.2266
 35 19  242552.891
 35 20  458915.969
 35 21  111109.992
 35 22 -2354.00415
 35 23  1806.29187
 35 24  7165.55713
 35 25  50431.7344
 35 26  9759.31836
 35 27  23002.5332
 35 28  10874.1523
 35 29  29373.1602
 35 30 -7065.19629
 35 31  3456598.
 35 32  1614715.
 35 33  257576.188
 35 34  1466212.88
 35 35  3532959.
 35 36  759133.75
 35 37  46804.6719
 35 38  184212.406
 35 39  80321.4609
 35 40  63492.1133
 35 41  69323.6953
 35 42  10934.2959
 35 43  40882.25
 35 44  17455.0566
 35 45  9708.50684
 36 1  832035.75
 36 2  317652.719
 36 3  124179.18
 36 4  76008.0391
 36 5 -7295.32422
 36 6  94770.6641
 36 7  18515.248
 36 8  470.890869
 36 9  15226.6934
 36 10  12228.4912
 36 11  19214.0664
 36 12  14708.7754
 36 13  5083.74512
 36 14 -4749.77979
 36 15  9208.81934
 36 16 -600202.625
 36 17 -612820.938
 36 18  320788.156
 36 19  126754.711
 36 20  216551.234
 36 21  428077.469
 36 22  101641.922
 36 23 -46324.6406
 36 24 -29282.8438
 36 25  45107.3281
 36 26  10876.1816
 36 27 -7091.01367
 36 28 -31898.084
 36 29 -8590.36035
 36 30  16424.793
 36 31  1725498.62
 36 32  386404.75
 36 33  458369.156
 36 34  61209.875
 36 35  759133.75
 36 36  1838312.88
 36 37  310882.688
 36 38  53254.4414
 36 39  62842.6172
 36 40  33867.3477
 36 41  7253.71387
 36 42 -24737.2188
 36 43  2843.67603
 36 44  16008.1777
 36 45  37496.7695
 37 1  615498.625
 37 2  29583.2598
 37 3 -82574.1328
 37 4 -10771.2559
 37 5 -11258.4365
 37 6  22737.9316
 37 7  53031.0547
 37 8  6497.36475
 37 9 -6158.7373
 37 10  5547.27051
 37 11 -1127.01917
 37 12 -1039.28064
 37 13  7040.86572
 37 14  4560.25293
 37 15  1908.77417
 37 16  280358.906
 37 17  169031.359
 37 18  255456.953
 37 19  159002.562
 37 20  152712.062
 37 21  129128.398
 37 22  208269.094
 37 23  82669.125
 37 24  14455.0986
 37 25  40124.6406
 37 26  10936.2041
 37 27  16488.4414
 37 28  18218.0742
 37 29  8757.9502
 37 30  15725.918
 37 31  2011514.12
 37 32 -358477.188
 37 33  150906.172
 37 34  48619.5898
 37 35  46804.6719
 37 36  310882.688
 37 37  1095346.12
 37 38  191114.469
 37 39  58442.1445
 37 40  41057.4453
 37 41 -17184.123
 37 42  5597.1748
 37 43  23232.5371
 37 44  4610.66748
 37 45  22143.2168
 38 1  57381.1562
 38 2 -3923.83496
 38 3  75676.3672
 38 4  53022.1953
 38 5  1308.81323
 38 6  18420.1289
 38 7  14443.6553
 38 8  25279.4746
 38 9  5464.6123
 38 10 -1926.66504
 38 11 -2935.08911
 38 12 -648.064209
 38 13  3299.70728
 38 14  965.750488
 38 15  751.89856
 38 16 -501520.531
 38 17 -49701.4805
 38 18  335229.188
 38 19  112489.445
 38 20  56516.4844
 38 21 -14161.1191
 38 22  50992.8594
 38 23  54939.2812
 38 24  42207.957
 38 25  26350.0742
 38 26  12996.9639
 38 27  10044.5654
 38 28  3117.14941
 38 29  7098.92188
 38 30 -635.952637
 38 31  316932.312
 38 32  496646.969
 38 33  198351.609
 38 34  225870.297
 38 35  184212.406
 38 36  53254.4414
 38 37  191114.469
 38 38  559301.562
 38 39  102009.023
 38 40  24945.7578
 38 41  11594.9922
 38 42  23756.4883
 38 43  17996.6094
 38 44  2262.3064
 38 45  8537.86328
 39 1 -45111.8711
 39 2 -95943.3359
 39 3  66587.4609
 39 4  14425.6191
 39 5  19550.1484
 39 6 -7867.11719
 39 7  597.469543
 39 8 -8917.48535
 39 9  13266.2432
 39 10  2514.81152
 39 11  2570.6521
 39 12  2282.47852
 39 13  1792.63269
 39 14 -4916.55859
 39 15 -2794.84766
 39 16 -493342.688
 39 17  20208.0605
 39 18  220454.781
 39 19  121726.242
 39 20  99823.5703
 39 21  47041.5234
 39 22  8219.64844
 39 23 -1122.50635
 39 24  71734.3516
 39 25  34485.1602
 39 26  2253.53198
 39 27  7143.69873
 39 28  325.918915
 39 29  18104.0098
 39 30  11999.5576
 39 31 -329666.406
 39 32  300325.281
 39 33  76689.3984
 39 34 -9043.26074
 39 35  80321.4609
 39 36  62842.6172
 39 37  58442.1445
 39 38  102009.023
 39 39  432986.156
 39 40  74246.4453
 39 41  33059.0977
 39 42  11911.9551
 39 43  3173.25635
 39 44 -918.251099
 39 45  18244.1777
 40 1  172107.609
 40 2  47513.668
 40 3  36473.9766
 40 4 -3372.50854
 40 5 -9343.23438
 40 6 -4575.76318
 40 7  2347.37915
 40 8 -2136.07104
 40 9  1424.08337
 40 10  12280.7402
 40 11  7078.40039
 40 12  760.241455
 40 13 -1143.30359
 40 14 -495.707886
 40 15 -12.1947803
 40 16 -704655.438
 40 17 -12786.8262
 40 18  17544.3594
 40 19 -19157.0898
 40 20 -30144.9648
 40 21  27895.9336
 40 22  23368.9141
 40 23 -11791.7783
 40 24  5304.57129
 40 25  29015.9258
 40 26  14354.6621
 40 27  2724.39136
 40 28 -1111.62793
 40 29  5831.47656
 40 30  1653.32373
 40 31  65444.9453
 40 32 -156845.844
 40 33 -31339.5898
 40 34 -23334.2148
 40 35  63492.1133
 40 36  33867.3477
 40 37  41057.4453
 40 38  24945.7578
 40 39  74246.4453
 40 40  259038.812
 40 41  66207.8594
 40 42  13918.8867
 40 43  10497.875
 40 44  164.271179
 40 45  6613.36719
 41 1  69630.25
 41 2 -28834.4941
 41 3  64151.1055
 41 4  26449.1523
 41 5  19653.1816
 41 6 -6649.87305
 41 7 -5817.81592
 41 8 -2462.20703
 41 9 -1307.41846
 41 10 -387.521973
 41 11  8587.96777
 41 12 -1026.48218
 41 13 -1391.72424
 41 14 -199.084091
 41 15 -1025.51294
 41 16 -320591.594
 41 17  76445.1172
 41 18  89079.7969
 41 19  53035.7852
 41 20  71934.5234
 41 21  12198.624
 41 22  16568.1484
 41 23  16268.2578
 41 24  14456.1777
 41 25  7846.45996
 41 26  15308.249
 41 27 -3257.81543
 41 28  2990.23535
 41 29  11394.5566
 41 30 -3151.52734
 41 31  388531.406
 41 32  100300.234
 41 33 -90128.0625
 41 34 -63945.1875
 41 35  69323.6953
 41 36  7253.71387
 41 37 -17184.123
 41 38  11594.9922
 41 39  33059.0977
 41 40  66207.8594
 41 41  214778.703
 41 42  42688.5742
 41 43  22364.8984
 41 44  9204.63184
 41 45  1583.77222
 42 1  173047.953
 42 2 -51583.4453
 42 3  5041.33057
 42 4  11536.4102
 42 5 -2485.16455
 42 6 -402.540039
 42 7 -465.080231
 42 8  1132.55347
 42 9 -1156.10352
 42 10 -732.437744
 42 11 -59.5648155
 42 12 -355.813782
 42 13  688.090088
 42 14 -1663.27649
 42 15 -2494.79956
 42 16 -537964.
 42 17  71501.6016
 42 18  13493.5791
 42 19  16411.4629
 42 20 -15385.8975
 42 21 -15259.9434
 42 22  4253.22119
 42 23  2206.20361
 42 24 -991.917542
 42 25 -3347.63208
 42 26  3182.38403
 42 27  10481.4766
 42 28  13933.2744
 42 29  4460.80566
 42 30 -9863.28809
 42 31  568897.438
 42 32  93959.0391
 42 33  10430.6895
 42 34 -56511.8086
 42 35  10934.2959
 42 36 -24737.2188
 42 37  5597.1748
 42 38  23756.4883
 42 39  11911.9551
 42 40  13918.8867
 42 41  42688.5742
 42 42  150476.422
 42 43  31045.8379
 42 44  12752.7686
 42 45  2517.37305
 43 1 -84029.8906
 43 2 -39285.7969
 43 3  11817.6729
 43 4 -3406.73706
 43 5 -3437.09277
 43 6  2852.36816
 43 7  1499.86682
 43 8 -4593.86719
 43 9 -2356.93726
 43 10 -3381.40967
 43 11  570.177002
 43 12  227.941223
 43 13  5441.10596
 43 14 -896.898621
 43 15 -1039.67761
 43 16  74484.2734
 43 17  164645.953
 43 18  63692.0625
 43 19 -3819.82837
 43 20 -30609.8516
 43 21 -3742.98267
 43 22  9540.35449
 43 23  4612.2334
 43 24 -3909.73145
 43 25  3066.90942
 43 26  1273.90149
 43 27  403.454895
 43 28  10399.7246
 43 29  6879.32666
 43 30 -986.26947
 43 31  37334.6758
 43 32  224821.469
 43 33  166123.469
 43 34  12285.1045
 43 35  40882.25
 43 36  2843.67603
 43 37  23232.5371
 43 38  17996.6094
 43 39  3173.25635
 43 40  10497.875
 43 41  22364.8984
 43 42  31045.8379
 43 43  134916.125
 43 44  28151.3906
 43 45  7497.57715
 44 1 -56868.3125
 44 2  38439.9336
 44 3  28048.7852
 44 4 -2478.30176
 44 5  876.128357
 44 6  7026.49805
 44 7 -13159.0312
 44 8 -34.3700714
 44 9 -3914.4502
 44 10 -2189.79297
 44 11  1256.17932
 44 12 -1272.85144
 44 13 -666.991455
 44 14  4210.91309
 44 15  523.510742
 44 16  262171.375
 44 17 -98456.8359
 44 18 -30192.7812
 44 19  24992.3672
 44 20  16148.5508
 44 21  17047.5508
 44 22 -16693.4844
 44 23  4868.49463
 44 24  440.724121
 44 25  2691.97827
 44 26  5748.88477
 44 27  1268.7699
 44 28  3048.8772
 44 29  7658.72266
 44 30  3911.81177
 44 31 -92024.5312
 44 32 -54453.0117
 44 33 -105.405365
 44 34 -41515.1211
 44 35  17455.0566
 44 36  16008.1777
 44 37  4610.66748
 44 38  2262.3064
 44 39 -918.251099
 44 40  164.271179
 44 41  9204.63184
 44 42  12752.7686
 44 43  28151.3906
 44 44  100698.5
 44 45  21030.127
 45 1  148081.297
 45 2  56340.8047
 45 3  22344.1035
 45 4  17192.4707
 45 5  12688.6484
 45 6  4566.72559
 45 7 -6.48834372
 45 8  1002.69641
 45 9 -747.148926
 45 10  562.817139
 45 11  403.762543
 45 12 -652.367859
 45 13  495.220184
 45 14 -249.305679
 45 15  511.98584
 45 16  520036.75
 45 17  202884.078
 45 18 -55936.5273
 45 19  70949.8672
 45 20  36821.8047
 45 21  13168.249
 45 22  10619.7979
 45 23  16135.4404
 45 24  7504.54639
 45 25  7620.15576
 45 26  5961.2959
 45 27  2595.78613
 45 28 -153.372635
 45 29  2677.77759
 45 30  5286.34375
 45 31 -36753.9219
 45 32  62292.0703
 45 33  46556.1055
 45 34  36210.6367
 45 35  9708.50684
 45 36  37496.7695
 45 37  22143.2168
 45 38  8537.86328
 45 39  18244.1777
 45 40  6613.36719
 45 41  1583.77222
 45 42  2517.37305
 45 43  7497.57715
 45 44  21030.127
 45 45  77021.8438