 1 1  123897552.
 1 2  8322911.
 1 3  440548.531
 1 4 -221988.453
 1 5  434102.719
 1 6  162113.188
 1 7 -37114.0039
 1 8  164036.844
 1 9  65105.082
 1 10  28777.207
 1 11 -72868.6562
 1 12  33485.9883
 1 13  39555.5156
 1 14  5760.25488
 1 15  2933.51196
 1 16  272129664.
 1 17  203481.891
 1 18 -2899064.75
 1 19  1187618.5
 1 20  636232.188
 1 21 -125498.961
 1 22  149333.938
 1 23  299922.594
 1 24 -14229.7031
 1 25 -95942.7734
 1 26  7040.04883
 1 27  131461.594
 1 28  59112.7461
 1 29 -31070.0059
 1 30  17411.6934
 1 31  363010560.
 1 32 -1863096.12
 1 33 -685704.188
 1 34  121868.602
 1 35 -241924.062
 1 36  602652.125
 1 37  334308.281
 1 38 -230177.766
 1 39 -59438.9961
 1 40 -154864.781
 1 41  25912.3965
 1 42  25437.0742
 1 43  102351.125
 1 44 -35688.543
 1 45  19062.1211
 2 1  8322911.
 2 2  11435846.
 2 3  1418477.38
 2 4 -109864.484
 2 5  104766.125
 2 6  144216.312
 2 7  52998.7227
 2 8  47837.0742
 2 9  54557.668
 2 10  29030.6641
 2 11  24930.4414
 2 12  9959.97656
 2 13  27100.627
 2 14  6757.46045
 2 15 -7864.19824
 2 16  16441252.
 2 17  5695418.
 2 18  263975.25
 2 19 -142629.328
 2 20  86984.875
 2 21  127743.109
 2 22  130899.633
 2 23  210757.047
 2 24  153040.484
 2 25  2004.78296
 2 26  19506.0723
 2 27  9671.8418
 2 28  59193.3203
 2 29  29434.4922
 2 30 -3224.56543
 2 31  24662754.
 2 32  6107503.5
 2 33 -28224.2461
 2 34  43757.8633
 2 35  37976.6094
 2 36  113626.953
 2 37  127625.312
 2 38  30328.0078
 2 39  103006.641
 2 40 -45593.4336
 2 41  26751.7148
 2 42 -10105.9922
 2 43  28923.6191
 2 44  50734.6875
 2 45  48249.3086
 3 1  440548.531
 3 2  1418477.38
 3 3  2182143.
 3 4  171930.297
 3 5  61381.2148
 3 6  56465.8789
 3 7  44590.5234
 3 8  53959.3711
 3 9  21105.2949
 3 10  9829.9707
 3 11  15688.5049
 3 12  12969.708
 3 13  8897.6543
 3 14  9841.38086
 3 15  3420.59644
 3 16  2078399.5
 3 17  1367025.5
 3 18  1658476.5
 3 19 -47778.3359
 3 20 -9891.96191
 3 21  143329.078
 3 22  64196.6953
 3 23  73139.9062
 3 24  58083.1875
 3 25  27211.9941
 3 26  25628.4375
 3 27  14801.1299
 3 28  15053.9951
 3 29  9509.11426
 3 30  11298.3652
 3 31  2488090.25
 3 32  1318724.25
 3 33  955991.312
 3 34 -241760.922
 3 35  179028.344
 3 36  180267.766
 3 37  35139.6328
 3 38  82307.1641
 3 39  13636.8027
 3 40 -11490.082
 3 41 -4914.15527
 3 42  32579.8594
 3 43 -9642.61035
 3 44  28441.8125
 3 45  36654.8984
 4 1 -221988.453
 4 2 -109864.484
 4 3  171930.297
 4 4  782256.625
 4 5  84742.7031
 4 6  3996.10083
 4 7  28259.0137
 4 8  7549.71533
 4 9  13580.7783
 4 10  9002.87109
 4 11  1117.46118
 4 12  7728.60791
 4 13  4499.87451
 4 14 -35.7895622
 4 15 -419.669434
 4 16 -919202.5
 4 17 -369204.219
 4 18  39726.4453
 4 19  686969.625
 4 20  34211.1602
 4 21  31887.6621
 4 22  9413.68164
 4 23  6452.98486
 4 24  24067.3398
 4 25  6046.43164
 4 26 -6638.75635
 4 27 -51.8367691
 4 28  8504.49902
 4 29 -7812.08887
 4 30 -2915.63232
 4 31 -1951033.12
 4 32 -346292.531
 4 33 -92193.3047
 4 34  310520.625
 4 35  29522.4492
 4 36  29457.0137
 4 37 -15202.4863
 4 38 -22261.3457
 4 39 -7911.29004
 4 40 -20434.9785
 4 41 -13137.7246
 4 42  5788.40088
 4 43  7446.30029
 4 44  14196.0303
 4 45  7959.61621
 5 1  434102.719
 5 2  104766.125
 5 3  61381.2148
 5 4  84742.7031
 5 5  290155.688
 5 6  44881.2969
 5 7  16724.0332
 5 8  3179.71802
 5 9  4964.59033
 5 10 -34.2372932
 5 11  732.079285
 5 12  3435.69897
 5 13  2033.05701
 5 14  569.131104
 5 15  444.893188
 5 16  48815.1133
 5 17  397644.125
 5 18 -9710.72461
 5 19  5234.94922
 5 20  218170.297
 5 21  19932.2852
 5 22  14535.4746
 5 23  1438.58545
 5 24  25515.5977
 5 25  3360.10132
 5 26  10024.8887
 5 27  1294.01135
 5 28  6511.04053
 5 29  5286.7168
 5 30 -259.756866
 5 31  1077918.75
 5 32  680815.125
 5 33 -19711.1543
 5 34  4925.21875
 5 35  90132.8828
 5 36 -24150.5352
 5 37  4187.76709
 5 38 -23570.5625
 5 39  15619.3926
 5 40 -2627.53955
 5 41  17036.9316
 5 42 -2267.11426
 5 43  8170.38672
 5 44  4167.70654
 5 45  5038.37988
 6 1  162113.188
 6 2  144216.312
 6 3  56465.8789
 6 4  3996.10083
 6 5  44881.2969
 6 6  120607.242
 6 7  17365.3574
 6 8  2430.90332
 6 9  1927.53699
 6 10  3507.55347
 6 11  3070.91943
 6 12  1450.3302
 6 13  700.984924
 6 14  803.156738
 6 15  270.113281
 6 16  100158.664
 6 17  142880.469
 6 18  1887.11353
 6 19 -16271.8672
 6 20  11695.4453
 6 21  107547.797
 6 22  13711.9941
 6 23  6113.8584
 6 24  4988.04639
 6 25  2336.56982
 6 26  3494.7019
 6 27  2255.90674
 6 28  4328.09326
 6 29  5565.46826
 6 30  2768.03296
 6 31  116542.414
 6 32  87388.0781
 6 33  56511.7109
 6 34 -2450.20288
 6 35 -11049.0293
 6 36  59404.8008
 6 37  7495.41309
 6 38 -5411.79492
 6 39  7658.34131
 6 40  6795.3418
 6 41  1989.64771
 6 42 -1472.75024
 6 43  556.918335
 6 44 -1348.69434
 6 45  3688.56299
 7 1 -37114.0039
 7 2  52998.7227
 7 3  44590.5234
 7 4  28259.0137
 7 5  16724.0332
 7 6  17365.3574
 7 7  69089.2031
 7 8  10160.9023
 7 9  4592.3125
 7 10  3673.53491
 7 11  3039.37671
 7 12  3380.86084
 7 13  1586.97205
 7 14  1944.50781
 7 15  1140.2113
 7 16 -413790.5
 7 17  111508.656
 7 18  33285.5234
 7 19 -21883.0703
 7 20 -5744.22363
 7 21  5325.50537
 7 22  52540.6484
 7 23  17199.6699
 7 24  7729.33936
 7 25  628.605713
 7 26  5588.05029
 7 27  5104.76807
 7 28  2463.27808
 7 29  801.779724
 7 30 -124.169479
 7 31 -521003.812
 7 32  54141.9375
 7 33  49367.9258
 7 34  35098.457
 7 35  10789.0566
 7 36  1335.09827
 7 37  27343.9434
 7 38  6892.45312
 7 39  581.556519
 7 40  2923.52856
 7 41  6812.37695
 7 42  3742.33838
 7 43  1563.03113
 7 44 -633.358582
 7 45  3212.63477
 8 1  164036.844
 8 2  47837.0742
 8 3  53959.3711
 8 4  7549.71533
 8 5  3179.71802
 8 6  2430.90332
 8 7  10160.9023
 8 8  44483.1914
 8 9  9089.45801
 8 10  846.253113
 8 11  994.849548
 8 12  1219.15686
 8 13  536.268677
 8 14  1395.38538
 8 15  1247.61694
 8 16  231079.312
 8 17  162306.344
 8 18  45110.5156
 8 19 -18834.0117
 8 20 -10187.085
 8 21 -2446.29199
 8 22  12803.9023
 8 23  37848.332
 8 24  3729.22852
 8 25 -259.846527
 8 26  4844.04297
 8 27  2358.75122
 8 28  4392.60254
 8 29  2880.18335
 8 30  677.285278
 8 31  85296.0938
 8 32  91555.6328
 8 33  1808.74792
 8 34 -827.9776
 8 35  12363.7734
 8 36  5957.30029
 8 37  6881.70898
 8 38  19627.0078
 8 39 -2757.90991
 8 40 -1016.50928
 8 41  4026.86646
 8 42  4662.08105
 8 43  2443.59155
 8 44  3025.77246
 8 45  3494.3728
 9 1  65105.082
 9 2  54557.668
 9 3  21105.2949
 9 4  13580.7783
 9 5  4964.59033
 9 6  1927.53699
 9 7  4592.3125
 9 8  9089.45801
 9 9  26306.918
 9 10  2111.96753
 9 11  1800.65698
 9 12  971.463623
 9 13  1781.19421
 9 14  645.587524
 9 15  545.404419
 9 16 -22372.6973
 9 17 -31416.4004
 9 18  2303.50513
 9 19  18200.7422
 9 20  12847.0146
 9 21  6329.26025
 9 22 -742.887268
 9 23  2553.50952
 9 24  15886.9736
 9 25 -1338.22375
 9 26  222.828705
 9 27  403.871124
 9 28  3552.09204
 9 29  2772.99951
 9 30 -113.294289
 9 31 -225998.062
 9 32  32645.4023
 9 33 -31091.9453
 9 34  5831.23975
 9 35  27936.7422
 9 36  491.882324
 9 37 -594.850037
 9 38 -325.526062
 9 39  6805.04834
 9 40 -5778.22168
 9 41 -421.118927
 9 42  2869.72632
 9 43  2547.43115
 9 44  1159.43445
 9 45  2654.07666
 10 1  28777.207
 10 2  29030.6641
 10 3  9829.9707
 10 4  9002.87109
 10 5 -34.2372932
 10 6  3507.55347
 10 7  3673.53491
 10 8  846.253113
 10 9  2111.96753
 10 10  16222.0781
 10 11  2657.70581
 10 12  779.135132
 10 13  415.301483
 10 14  474.801849
 10 15  74.4696808
 10 16 -190915.281
 10 17 -13171.5
 10 18  34031.0273
 10 19  14999.1006
 10 20  12049.7686
 10 21  5483.11523
 10 22  4048.67676
 10 23 -986.447205
 10 24  3135.50586
 10 25  11013.4102
 10 26  21.6102448
 10 27 -1146.07458
 10 28  1041.57544
 10 29  594.480896
 10 30 -577.414246
 10 31 -328139.031
 10 32  16583.127
 10 33 -28816.3496
 10 34  4587.13281
 10 35 -6226.72021
 10 36  4131.85303
 10 37  2278.45972
 10 38 -2273.66748
 10 39  1144.92627
 10 40  9921.61426
 10 41 -49.4700317
 10 42  352.775787
 10 43 -78.0498199
 10 44  1684.89209
 10 45  505.13559
 11 1 -72868.6562
 11 2  24930.4414
 11 3  15688.5049
 11 4  1117.46118
 11 5  732.079285
 11 6  3070.91943
 11 7  3039.37671
 11 8  994.849548
 11 9  1800.65698
 11 10  2657.70581
 11 11  12735.8164
 11 12  2642.45703
 11 13  650.929199
 11 14  793.157349
 11 15  531.662598
 11 16 -343867.781
 11 17  58770.2227
 11 18  41799.2266
 11 19  219.435974
 11 20  13935.3691
 11 21  10061.3037
 11 22  7565.74414
 11 23  6040.3833
 11 24  1256.37439
 11 25  1719.36011
 11 26  6227.19287
 11 27  895.31781
 11 28  693.21051
 11 29  507.679596
 11 30 -96.0494843
 11 31 -556529.75
 11 32  48125.6875
 11 33  9215.99023
 11 34 -17928.5508
 11 35  9878.5332
 11 36  8561.95508
 11 37 -373.939972
 11 38  4172.93994
 11 39  878.342773
 11 40  1077.3269
 11 41  4685.354
 11 42  788.990662
 11 43 -125.549286
 11 44  401.282806
 11 45 -362.778748
 12 1  33485.9883
 12 2  9959.97656
 12 3  12969.708
 12 4  7728.60791
 12 5  3435.69897
 12 6  1450.3302
 12 7  3380.86084
 12 8  1219.15686
 12 9  971.463623
 12 10  779.135132
 12 11  2642.45703
 12 12  8823.08691
 12 13  1675.22974
 12 14  845.948425
 12 15  937.985229
 12 16 -23669.0957
 12 17 -17575.1152
 12 18  33042.1367
 12 19  17296.3691
 12 20  7788.00439
 12 21  4823.40381
 12 22  3915.98193
 12 23  3377.34277
 12 24  1409.6167
 12 25  930.852966
 12 26  1403.76636
 12 27  5380.65918
 12 28  1699.45508
 12 29  1405.87524
 12 30  1413.09351
 12 31  129678.836
 12 32  17222.6895
 12 33  29379.
 12 34 -2439.6272
 12 35  5737.21436
 12 36 -4976.66553
 12 37  214.139389
 12 38  2550.04126
 12 39  48.2476768
 12 40  689.494751
 12 41 -637.385315
 12 42  2246.78564
 12 43 -652.023743
 12 44 -154.515579
 12 45  34.1722298
 13 1  39555.5156
 13 2  27100.627
 13 3  8897.6543
 13 4  4499.87451
 13 5  2033.05701
 13 6  700.984924
 13 7  1586.97205
 13 8  536.268677
 13 9  1781.19421
 13 10  415.301483
 13 11  650.929199
 13 12  1675.22974
 13 13  7092.18262
 13 14  1553.23083
 13 15  878.265137
 13 16  27998.1719
 13 17 -21929.666
 13 18  11655.0771
 13 19  12938.1523
 13 20  3091.5603
 13 21  4918.78418
 13 22  2861.08105
 13 23  911.309021
 13 24  1838.7157
 13 25  1721.18457
 13 26 -1308.57141
 13 27  173.145233
 13 28  3312.47339
 13 29  1339.54492
 13 30  542.406494
 13 31  94141.9375
 13 32  22799.0449
 13 33 -23155.709
 13 34 -2755.6958
 13 35 -2469.31787
 13 36  972.673096
 13 37  3458.22314
 13 38  143.726303
 13 39 -801.463989
 13 40  850.507385
 13 41 -143.177841
 13 42  700.773193
 13 43  1713.32202
 13 44  476.346375
 13 45 -389.926849
 14 1  5760.25488
 14 2  6757.46045
 14 3  9841.38086
 14 4 -35.7895622
 14 5  569.131104
 14 6  803.156738
 14 7  1944.50781
 14 8  1395.38538
 14 9  645.587524
 14 10  474.801849
 14 11  793.157349
 14 12  845.948425
 14 13  1553.23083
 14 14  5690.47217
 14 15  1449.88196
 14 16 -114225.484
 14 17  18770.1035
 14 18 -131.866074
 14 19 -8525.03223
 14 20 -573.159485
 14 21  4607.04248
 14 22  1435.96533
 14 23  2788.53613
 14 24  306.610504
 14 25  49.2269402
 14 26  407.984619
 14 27  1025.65344
 14 28  718.183716
 14 29  2477.01953
 14 30  10.6541224
 14 31 -211236.766
 14 32  40573.6289
 14 33  22321.5059
 14 34 -8392.7168
 14 35  35.5743713
 14 36 -1035.77026
 14 37  257.541412
 14 38  914.098938
 14 39 -793.772644
 14 40  273.000275
 14 41 -712.891113
 14 42  28.2824821
 14 43 -106.44487
 14 44  670.917969
 14 45 -657.552002
 15 1  2933.51196
 15 2 -7864.19824
 15 3  3420.59644
 15 4 -419.669434
 15 5  444.893188
 15 6  270.113281
 15 7  1140.2113
 15 8  1247.61694
 15 9  545.404419
 15 10  74.4696808
 15 11  531.662598
 15 12  937.985229
 15 13  878.265137
 15 14  1449.88196
 15 15  4639.96387
 15 16 -40810.8672
 15 17 -2192.22314
 15 18  3218.06812
 15 19 -2945.71045
 15 20 -701.419434
 15 21  3912.86182
 15 22  3677.94238
 15 23  955.439026
 15 24  712.703674
 15 25  983.819031
 15 26  142.780258
 15 27  197.928589
 15 28 -84.8630447
 15 29  362.513031
 15 30  2074.00659
 15 31 -31909.1543
 15 32  23207.0137
 15 33  17169.8184
 15 34  3440.42017
 15 35  4806.02734
 15 36  4986.16846
 15 37  6299.29199
 15 38  1490.6001
 15 39 -518.036743
 15 40  2101.48682
 15 41 -645.990173
 15 42 -716.727783
 15 43 -50.0087585
 15 44 -326.312958
 15 45  1146.37073
 16 1  272129664.
 16 2  16441252.
 16 3  2078399.5
 16 4 -919202.5
 16 5  48815.1133
 16 6  100158.664
 16 7 -413790.5
 16 8  231079.312
 16 9 -22372.6973
 16 10 -190915.281
 16 11 -343867.781
 16 12 -23669.0957
 16 13  27998.1719
 16 14 -114225.484
 16 15 -40810.8672
 16 16  1.3720384E+09
 16 17  34866340.
 16 18 -186179.953
 16 19  1589500.12
 16 20  1651658.38
 16 21 -183026.906
 16 22 -170222.656
 16 23  412747.938
 16 24 -479174.25
 16 25 -753451.375
 16 26 -276608.75
 16 27 -141444.891
 16 28 -377147.906
 16 29 -452544.219
 16 30  132961.641
 16 31  1.63550746E+09
 16 32 -47178192.
 16 33 -922268.875
 16 34 -468476.094
 16 35  1368826.12
 16 36 -467725.375
 16 37  575797.5
 16 38  928075.875
 16 39 -468270.781
 16 40 -376154.688
 16 41 -277871.938
 16 42  271285.469
 16 43  339226.062
 16 44  36659.3164
 16 45  52806.9766
 17 1  203481.891
 17 2  5695418.
 17 3  1367025.5
 17 4 -369204.219
 17 5  397644.125
 17 6  142880.469
 17 7  111508.656
 17 8  162306.344
 17 9 -31416.4004
 17 10 -13171.5
 17 11  58770.2227
 17 12 -17575.1152
 17 13 -21929.666
 17 14  18770.1035
 17 15 -2192.22314
 17 16  34866340.
 17 17  70529688.
 17 18  4662209.
 17 19 -1108377.38
 17 20  319787.812
 17 21  68415.1328
 17 22  120745.211
 17 23  313729.125
 17 24  205552.797
 17 25  232610.031
 17 26  288036.531
 17 27 -17996.668
 17 28  15438.2148
 17 29 -6387.81689
 17 30 -51522.5781
 17 31  47222684.
 17 32  18490672.
 17 33 -2118406.5
 17 34  1022921.69
 17 35  275949.094
 17 36  121483.031
 17 37  119466.016
 17 38  220489.859
 17 39  579991.938
 17 40  345538.5
 17 41  73431.6172
 17 42  70807.6875
 17 43  100744.312
 17 44  88967.9531
 17 45  69278.1484
 18 1 -2899064.75
 18 2  263975.25
 18 3  1658476.5
 18 4  39726.4453
 18 5 -9710.72461
 18 6  1887.11353
 18 7  33285.5234
 18 8  45110.5156
 18 9  2303.50513
 18 10  34031.0273
 18 11  41799.2266
 18 12  33042.1367
 18 13  11655.0771
 18 14 -131.866074
 18 15  3218.06812
 18 16 -186179.953
 18 17  4662209.
 18 18  14184181.
 18 19  1426397.38
 18 20  494360.688
 18 21  133966.531
 18 22  144375.281
 18 23  146079.672
 18 24  165048.594
 18 25  119249.5
 18 26  62146.0391
 18 27  63238.0352
 18 28  48870.2344
 18 29 -8366.2207
 18 30  26061.7363
 18 31 -8132887.5
 18 32  1308117.75
 18 33  2615058.25
 18 34 -560111.75
 18 35  197028.703
 18 36 -5061.90723
 18 37  135030.688
 18 38  201151.844
 18 39  89555.5391
 18 40  125375.633
 18 41 -3543.91992
 18 42  44993.793
 18 43 -4130.68359
 18 44 -9560.40625
 18 45  48522.4766
 19 1  1187618.5
 19 2 -142629.328
 19 3 -47778.3359
 19 4  686969.625
 19 5  5234.94922
 19 6 -16271.8672
 19 7 -21883.0703
 19 8 -18834.0117
 19 9  18200.7422
 19 10  14999.1006
 19 11  219.435974
 19 12  17296.3691
 19 13  12938.1523
 19 14 -8525.03223
 19 15 -2945.71045
 19 16  1589500.12
 19 17 -1108377.38
 19 18  1426397.38
 19 19  5319057.
 19 20  446935.281
 19 21  71906.5547
 19 22  49563.1211
 19 23  13119.9648
 19 24  59658.8906
 19 25  81546.6875
 19 26  22739.3164
 19 27  54159.4922
 19 28  26324.3184
 19 29  2484.29565
 19 30  27444.0938
 19 31  2443473.25
 19 32 -252244.609
 19 33 -5983.8623
 19 34  1945187.12
 19 35 -26401.5605
 19 36  33481.125
 19 37  39551.6836
 19 38 -75003.6953
 19 39 -3876.13892
 19 40 -10627.7432
 19 41 -43375.3633
 19 42  59421.6836
 19 43  2568.55884
 19 44  15128.4111
 19 45  21579.709
 20 1  636232.188
 20 2  86984.875
 20 3 -9891.96191
 20 4  34211.1602
 20 5  218170.297
 20 6  11695.4453
 20 7 -5744.22363
 20 8 -10187.085
 20 9  12847.0146
 20 10  12049.7686
 20 11  13935.3691
 20 12  7788.00439
 20 13  3091.5603
 20 14 -573.159485
 20 15 -701.419434
 20 16  1651658.38
 20 17  319787.812
 20 18  494360.688
 20 19  446935.281
 20 20  1741763.88
 20 21  215589.859
 20 22  50856.9336
 20 23  5429.3916
 20 24  64789.25
 20 25  44270.9688
 20 26  23600.8438
 20 27  5201.82129
 20 28  12206.8164
 20 29  24115.3008
 20 30  13320.1104
 20 31  54543.6445
 20 32  698953.562
 20 33  116558.18
 20 34  148791.125
 20 35  405528.781
 20 36 -168870.828
 20 37 -27864.0156
 20 38 -22666.0898
 20 39  16735.0645
 20 40  64.0735016
 20 41  21487.1445
 20 42  19663.8809
 20 43 -14625.4717
 20 44  18682.2109
 20 45  25107.4824
 21 1 -125498.961
 21 2  127743.109
 21 3  143329.078
 21 4  31887.6621
 21 5  19932.2852
 21 6  107547.797
 21 7  5325.50537
 21 8 -2446.29199
 21 9  6329.26025
 21 10  5483.11523
 21 11  10061.3037
 21 12  4823.40381
 21 13  4918.78418
 21 14  4607.04248
 21 15  3912.86182
 21 16 -183026.906
 21 17  68415.1328
 21 18  133966.531
 21 19  71906.5547
 21 20  215589.859
 21 21  871910.438
 21 22  120643.766
 21 23  44012.5977
 21 24  22345.4883
 21 25  24984.4355
 21 26  11980.1348
 21 27  6888.86279
 21 28  12369.6025
 21 29  11408.5391
 21 30  5954.86816
 21 31  119583.391
 21 32  112354.016
 21 33  357706.281
 21 34 -158471.281
 21 35  101215.383
 21 36  341419.719
 21 37  16749.623
 21 38  38081.1211
 21 39  10678.375
 21 40  6447.45215
 21 41  5649.65674
 21 42  3895.43457
 21 43 -1639.77832
 21 44  7095.4458
 21 45  4827.82275
 22 1  149333.938
 22 2  130899.633
 22 3  64196.6953
 22 4  9413.68164
 22 5  14535.4746
 22 6  13711.9941
 22 7  52540.6484
 22 8  12803.9023
 22 9 -742.887268
 22 10  4048.67676
 22 11  7565.74414
 22 12  3915.98193
 22 13  2861.08105
 22 14  1435.96533
 22 15  3677.94238
 22 16 -170222.656
 22 17  120745.211
 22 18  144375.281
 22 19  49563.1211
 22 20  50856.9336
 22 21  120643.766
 22 22  467669.75
 22 23  74590.1406
 22 24  35586.3359
 22 25  2494.38794
 22 26  16845.9844
 22 27  7242.16211
 22 28  636.874451
 22 29  4748.83398
 22 30  5360.86963
 22 31 -812459.812
 22 32  322339.844
 22 33  42851.9609
 22 34 -89552.3203
 22 35  15810.8154
 22 36  70008.8438
 22 37  155215.719
 22 38  37096.4023
 22 39 -1577.86389
 22 40  2117.79468
 22 41  14071.5273
 22 42  7342.73975
 22 43  2714.66357
 22 44 -5461.70752
 22 45  4740.45947
 23 1  299922.594
 23 2  210757.047
 23 3  73139.9062
 23 4  6452.98486
 23 5  1438.58545
 23 6  6113.8584
 23 7  17199.6699
 23 8  37848.332
 23 9  2553.50952
 23 10 -986.447205
 23 11  6040.3833
 23 12  3377.34277
 23 13  911.309021
 23 14  2788.53613
 23 15  955.439026
 23 16  412747.938
 23 17  313729.125
 23 18  146079.672
 23 19  13119.9648
 23 20  5429.3916
 23 21  44012.5977
 23 22  74590.1406
 23 23  275354.5
 23 24  38042.5234
 23 25 -2440.3645
 23 26  15171.6533
 23 27  12731.1826
 23 28  15744.9541
 23 29  6131.54736
 23 30  4911.41846
 23 31  886515.312
 23 32  244285.031
 23 33  115868.055
 23 34 -36465.3789
 23 35 -20643.8828
 23 36  41979.5078
 23 37  44217.9844
 23 38  101411.766
 23 39  4401.00439
 23 40 -9110.75684
 23 41  7832.31689
 23 42  25302.6621
 23 43  14707.3447
 23 44 -130.126862
 23 45 -259.308716
 24 1 -14229.7031
 24 2  153040.484
 24 3  58083.1875
 24 4  24067.3398
 24 5  25515.5977
 24 6  4988.04639
 24 7  7729.33936
 24 8  3729.22852
 24 9  15886.9736
 24 10  3135.50586
 24 11  1256.37439
 24 12  1409.6167
 24 13  1838.7157
 24 14  306.610504
 24 15  712.703674
 24 16 -479174.25
 24 17  205552.797
 24 18  165048.594
 24 19  59658.8906
 24 20  64789.25
 24 21  22345.4883
 24 22  35586.3359
 24 23  38042.5234
 24 24  162188.391
 24 25  26813.9297
 24 26  15618.0146
 24 27  7258.04395
 24 28  16660.1758
 24 29  9890.39941
 24 30  2054.27588
 24 31 -859990.312
 24 32  246691.719
 24 33  98113.7266
 24 34  8167.104
 24 35  32888.7344
 24 36  17698.8691
 24 37  13560.9922
 24 38  20540.7129
 24 39  44874.668
 24 40  4146.17578
 24 41 -669.060791
 24 42  10557.2607
 24 43  4692.16504
 24 44  1513.07104
 24 45  5356.31348
 25 1 -95942.7734
 25 2  2004.78296
 25 3  27211.9941
 25 4  6046.43164
 25 5  3360.10132
 25 6  2336.56982
 25 7  628.605713
 25 8 -259.846527
 25 9 -1338.22375
 25 10  11013.4102
 25 11  1719.36011
 25 12  930.852966
 25 13  1721.18457
 25 14  49.2269402
 25 15  983.819031
 25 16 -753451.375
 25 17  232610.031
 25 18  119249.5
 25 19  81546.6875
 25 20  44270.9688
 25 21  24984.4355
 25 22  2494.38794
 25 23 -2440.3645
 25 24  26813.9297
 25 25  109095.164
 25 26  19084.2695
 25 27  2475.79688
 25 28  4391.00146
 25 29  5268.17773
 25 30  1368.43518
 25 31 -489014.281
 25 32  124388.586
 25 33 -60028.2656
 25 34  56821.4609
 25 35 -25981.3105
 25 36  5291.69531
 25 37  11591.8955
 25 38 -2376.46875
 25 39  21264.8613
 25 40  38308.1602
 25 41 -8372.05469
 25 42  5112.64551
 25 43 -499.653839
 25 44  4751.604
 25 45  921.870361
 26 1  7040.04883
 26 2  19506.0723
 26 3  25628.4375
 26 4 -6638.75635
 26 5  10024.8887
 26 6  3494.7019
 26 7  5588.05029
 26 8  4844.04297
 26 9  222.828705
 26 10  21.6102448
 26 11  6227.19287
 26 12  1403.76636
 26 13 -1308.57141
 26 14  407.984619
 26 15  142.780258
 26 16 -276608.75
 26 17  288036.531
 26 18  62146.0391
 26 19  22739.3164
 26 20  23600.8438
 26 21  11980.1348
 26 22  16845.9844
 26 23  15171.6533
 26 24  15618.0146
 26 25  19084.2695
 26 26  76068.7109
 26 27  16264.8027
 26 28  4635.14648
 26 29  5318.68066
 26 30  2180.0437
 26 31 -239917.344
 26 32  156830.328
 26 33  31536.9258
 26 34  4614.98584
 26 35 -13497.2568
 26 36 -1943.59985
 26 37  8816.90723
 26 38  5297.83057
 26 39  7771.07568
 26 40  3099.33789
 26 41  14302.6611
 26 42  9065.92871
 26 43  947.642029
 26 44  464.361816
 26 45  4606.95264
 27 1  131461.594
 27 2  9671.8418
 27 3  14801.1299
 27 4 -51.8367691
 27 5  1294.01135
 27 6  2255.90674
 27 7  5104.76807
 27 8  2358.75122
 27 9  403.871124
 27 10 -1146.07458
 27 11  895.31781
 27 12  5380.65918
 27 13  173.145233
 27 14  1025.65344
 27 15  197.928589
 27 16 -141444.891
 27 17 -17996.668
 27 18  63238.0352
 27 19  54159.4922
 27 20  5201.82129
 27 21  6888.86279
 27 22  7242.16211
 27 23  12731.1826
 27 24  7258.04395
 27 25  2475.79688
 27 26  16264.8027
 27 27  52175.1562
 27 28  11482.3701
 27 29  3186.68457
 27 30  4080.05786
 27 31  483506.594
 27 32  109257.742
 27 33  27967.5586
 27 34  28400.3145
 27 35 -14598.127
 27 36 -17064.1641
 27 37 -8735.01855
 27 38 -338.732391
 27 39 -906.697754
 27 40 -5700.73145
 27 41  4794.09033
 27 42  13164.3467
 27 43 -722.443237
 27 44 -2055.25269
 27 45  334.072754
 28 1  59112.7461
 28 2  59193.3203
 28 3  15053.9951
 28 4  8504.49902
 28 5  6511.04053
 28 6  4328.09326
 28 7  2463.27808
 28 8  4392.60254
 28 9  3552.09204
 28 10  1041.57544
 28 11  693.21051
 28 12  1699.45508
 28 13  3312.47339
 28 14  718.183716
 28 15 -84.8630447
 28 16 -377147.906
 28 17  15438.2148
 28 18  48870.2344
 28 19  26324.3184
 28 20  12206.8164
 28 21  12369.6025
 28 22  636.874451
 28 23  15744.9541
 28 24  16660.1758
 28 25  4391.00146
 28 26  4635.14648
 28 27  11482.3701
 28 28  41871.3281
 28 29  7337.88135
 28 30  1776.85742
 28 31 -28152.2578
 28 32  218391.047
 28 33 -22222.6328
 28 34 -13438.6885
 28 35 -19298.5762
 28 36 -6856.66016
 28 37 -8823.22754
 28 38  8865.70215
 28 39  8916.63379
 28 40 -994.300781
 28 41  657.87616
 28 42  6667.57129
 28 43  7356.54248
 28 44  1261.69055
 28 45  926.800171
 29 1 -31070.0059
 29 2  29434.4922
 29 3  9509.11426
 29 4 -7812.08887
 29 5  5286.7168
 29 6  5565.46826
 29 7  801.779724
 29 8  2880.18335
 29 9  2772.99951
 29 10  594.480896
 29 11  507.679596
 29 12  1405.87524
 29 13  1339.54492
 29 14  2477.01953
 29 15  362.513031
 29 16 -452544.219
 29 17 -6387.81689
 29 18 -8366.2207
 29 19  2484.29565
 29 20  24115.3008
 29 21  11408.5391
 29 22  4748.83398
 29 23  6131.54736
 29 24  9890.39941
 29 25  5268.17773
 29 26  5318.68066
 29 27  3186.68457
 29 28  7337.88135
 29 29  34181.2266
 29 30  5037.4917
 29 31 -447630.625
 29 32  205011.703
 29 33  53811.3555
 29 34  1275.20459
 29 35  1060.27295
 29 36  490.0242
 29 37 -17.8770638
 29 38  7977.45752
 29 39  5998.99316
 29 40 -4013.31714
 29 41 -1947.42566
 29 42  2359.77075
 29 43  1706.32446
 29 44  10997.8877
 29 45  1217.85645
 30 1  17411.6934
 30 2 -3224.56543
 30 3  11298.3652
 30 4 -2915.63232
 30 5 -259.756866
 30 6  2768.03296
 30 7 -124.169479
 30 8  677.285278
 30 9 -113.294289
 30 10 -577.414246
 30 11 -96.0494843
 30 12  1413.09351
 30 13  542.406494
 30 14  10.6541224
 30 15  2074.00659
 30 16  132961.641
 30 17 -51522.5781
 30 18  26061.7363
 30 19  27444.0938
 30 20  13320.1104
 30 21  5954.86816
 30 22  5360.86963
 30 23  4911.41846
 30 24  2054.27588
 30 25  1368.43518
 30 26  2180.0437
 30 27  4080.05786
 30 28  1776.85742
 30 29  5037.4917
 30 30  26737.3438
 30 31  186140.203
 30 32  2715.34644
 30 33 -10975.4473
 30 34  22884.4883
 30 35 -1323.39453
 30 36 -7148.77246
 30 37 -8761.59668
 30 38 -1347.11951
 30 39 -3287.1355
 30 40  3101.15894
 30 41 -3953.10767
 30 42  6333.30664
 30 43  1552.02869
 30 44  560.863281
 30 45  6021.6792
 31 1  363010560.
 31 2  24662754.
 31 3  2488090.25
 31 4 -1951033.12
 31 5  1077918.75
 31 6  116542.414
 31 7 -521003.812
 31 8  85296.0938
 31 9 -225998.062
 31 10 -328139.031
 31 11 -556529.75
 31 12  129678.836
 31 13  94141.9375
 31 14 -211236.766
 31 15 -31909.1543
 31 16  1.63550746E+09
 31 17  47222684.
 31 18 -8132887.5
 31 19  2443473.25
 31 20  54543.6445
 31 21  119583.391
 31 22 -812459.812
 31 23  886515.312
 31 24 -859990.312
 31 25 -489014.281
 31 26 -239917.344
 31 27  483506.594
 31 28 -28152.2578
 31 29 -447630.625
 31 30  186140.203
 31 31  2.95089254E+09
 31 32 -12562593.
 31 33 -12429159.
 31 34 -238961.906
 31 35 -1046308.81
 31 36  2620485.
 31 37  1953489.5
 31 38  918501.375
 31 39  402307.625
 31 40 -1005132.12
 31 41 -499210.125
 31 42  690478.188
 31 43  168303.594
 31 44 -167071.953
 31 45  68622.1641
 32 1 -1863096.12
 32 2  6107503.5
 32 3  1318724.25
 32 4 -346292.531
 32 5  680815.125
 32 6  87388.0781
 32 7  54141.9375
 32 8  91555.6328
 32 9  32645.4023
 32 10  16583.127
 32 11  48125.6875
 32 12  17222.6895
 32 13  22799.0449
 32 14  40573.6289
 32 15  23207.0137
 32 16 -47178192.
 32 17  18490672.
 32 18  1308117.75
 32 19 -252244.609
 32 20  698953.562
 32 21  112354.016
 32 22  322339.844
 32 23  244285.031
 32 24  246691.719
 32 25  124388.586
 32 26  156830.328
 32 27  109257.742
 32 28  218391.047
 32 29  205011.703
 32 30  2715.34644
 32 31 -12562593.
 32 32  121306808.
 32 33  4280326.
 32 34  800226.562
 32 35 -930058.5
 32 36  1198509.38
 32 37  81071.6875
 32 38 -21786.3594
 32 39  40486.4609
 32 40 -325495.531
 32 41  283462.469
 32 42  113668.617
 32 43  155720.531
 32 44  43948.1328
 32 45  197586.484
 33 1 -685704.188
 33 2 -28224.2461
 33 3  955991.312
 33 4 -92193.3047
 33 5 -19711.1543
 33 6  56511.7109
 33 7  49367.9258
 33 8  1808.74792
 33 9 -31091.9453
 33 10 -28816.3496
 33 11  9215.99023
 33 12  29379.
 33 13 -23155.709
 33 14  22321.5059
 33 15  17169.8184
 33 16 -922268.875
 33 17 -2118406.5
 33 18  2615058.25
 33 19 -5983.8623
 33 20  116558.18
 33 21  357706.281
 33 22  42851.9609
 33 23  115868.055
 33 24  98113.7266
 33 25 -60028.2656
 33 26  31536.9258
 33 27  27967.5586
 33 28 -22222.6328
 33 29  53811.3555
 33 30 -10975.4473
 33 31 -12429159.
 33 32  4280326.
 33 33  19953226.
 33 34  1326390.62
 33 35  8593.47461
 33 36  259155.219
 33 37 -72298.7344
 33 38  77919.6953
 33 39 -114850.32
 33 40 -55041.1289
 33 41  40755.1914
 33 42  94356.125
 33 43  26154.6719
 33 44  31952.4473
 33 45  18446.9766
 34 1  121868.602
 34 2  43757.8633
 34 3 -241760.922
 34 4  310520.625
 34 5  4925.21875
 34 6 -2450.20288
 34 7  35098.457
 34 8 -827.9776
 34 9  5831.23975
 34 10  4587.13281
 34 11 -17928.5508
 34 12 -2439.6272
 34 13 -2755.6958
 34 14 -8392.7168
 34 15  3440.42017
 34 16 -468476.094
 34 17  1022921.69
 34 18 -560111.75
 34 19  1945187.12
 34 20  148791.125
 34 21 -158471.281
 34 22 -89552.3203
 34 23 -36465.3789
 34 24  8167.104
 34 25  56821.4609
 34 26  4614.98584
 34 27  28400.3145
 34 28 -13438.6885
 34 29  1275.20459
 34 30  22884.4883
 34 31 -238961.906
 34 32  800226.562
 34 33  1326390.62
 34 34  7748107.5
 34 35  583202.812
 34 36  40608.918
 34 37 -3226.98193
 34 38 -10628.6807
 34 39 -8096.84717
 34 40  39683.1523
 34 41  4844.9292
 34 42  18356.2227
 34 43  4287.83936
 34 44  668.678345
 34 45 -5479.6377
 35 1 -241924.062
 35 2  37976.6094
 35 3  179028.344
 35 4  29522.4492
 35 5  90132.8828
 35 6 -11049.0293
 35 7  10789.0566
 35 8  12363.7734
 35 9  27936.7422
 35 10 -6226.72021
 35 11  9878.5332
 35 12  5737.21436
 35 13 -2469.31787
 35 14  35.5743713
 35 15  4806.02734
 35 16  1368826.12
 35 17  275949.094
 35 18  197028.703
 35 19 -26401.5605
 35 20  405528.781
 35 21  101215.383
 35 22  15810.8154
 35 23 -20643.8828
 35 24  32888.7344
 35 25 -25981.3105
 35 26 -13497.2568
 35 27 -14598.127
 35 28 -19298.5762
 35 29  1060.27295
 35 30 -1323.39453
 35 31 -1046308.81
 35 32 -930058.5
 35 33  8593.47461
 35 34  583202.812
 35 35  2744870.75
 35 36  223202.859
 35 37  43945.6055
 35 38  110303.844
 35 39  75837.4531
 35 40 -4316.95898
 35 41  33379.7617
 35 42 -11529.9307
 35 43 -4799.44922
 35 44  7993.39062
 35 45  5114.38037
 36 1  602652.125
 36 2  113626.953
 36 3  180267.766
 36 4  29457.0137
 36 5 -24150.5352
 36 6  59404.8008
 36 7  1335.09827
 36 8  5957.30029
 36 9  491.882324
 36 10  4131.85303
 36 11  8561.95508
 36 12 -4976.66553
 36 13  972.673096
 36 14 -1035.77026
 36 15  4986.16846
 36 16 -467725.375
 36 17  121483.031
 36 18 -5061.90723
 36 19  33481.125
 36 20 -168870.828
 36 21  341419.719
 36 22  70008.8438
 36 23  41979.5078
 36 24  17698.8691
 36 25  5291.69531
 36 26 -1943.59985
 36 27 -17064.1641
 36 28 -6856.66016
 36 29  490.0242
 36 30 -7148.77246
 36 31  2620485.
 36 32  1198509.38
 36 33  259155.219
 36 34  40608.918
 36 35  223202.859
 36 36  1347072.75
 36 37  172809.75
 36 38  78591.6094
 36 39  59371.1719
 36 40  12178.418
 36 41  19990.5195
 36 42  374.781982
 36 43  13066.5645
 36 44  17729.1289
 36 45  4354.1958
 37 1  334308.281
 37 2  127625.312
 37 3  35139.6328
 37 4 -15202.4863
 37 5  4187.76709
 37 6  7495.41309
 37 7  27343.9434
 37 8  6881.70898
 37 9 -594.850037
 37 10  2278.45972
 37 11 -373.939972
 37 12  214.139389
 37 13  3458.22314
 37 14  257.541412
 37 15  6299.29199
 37 16  575797.5
 37 17  119466.016
 37 18  135030.688
 37 19  39551.6836
 37 20 -27864.0156
 37 21  16749.623
 37 22  155215.719
 37 23  44217.9844
 37 24  13560.9922
 37 25  11591.8955
 37 26  8816.90723
 37 27 -8735.01855
 37 28 -8823.22754
 37 29 -17.8770638
 37 30 -8761.59668
 37 31  1953489.5
 37 32  81071.6875
 37 33 -72298.7344
 37 34 -3226.98193
 37 35  43945.6055
 37 36  172809.75
 37 37  711984.812
 37 38  82246.9766
 37 39  20163.1758
 37 40 -16150.0684
 37 41 -914.588501
 37 42 -23318.4453
 37 43  10329.1631
 37 44 -6297.74561
 37 45 -4559.72559
 38 1 -230177.766
 38 2  30328.0078
 38 3  82307.1641
 38 4 -22261.3457
 38 5 -23570.5625
 38 6 -5411.79492
 38 7  6892.45312
 38 8  19627.0078
 38 9 -325.526062
 38 10 -2273.66748
 38 11  4172.93994
 38 12  2550.04126
 38 13  143.726303
 38 14  914.098938
 38 15  1490.6001
 38 16  928075.875
 38 17  220489.859
 38 18  201151.844
 38 19 -75003.6953
 38 20 -22666.0898
 38 21  38081.1211
 38 22  37096.4023
 38 23  101411.766
 38 24  20540.7129
 38 25 -2376.46875
 38 26  5297.83057
 38 27 -338.732391
 38 28  8865.70215
 38 29  7977.45752
 38 30 -1347.11951
 38 31  918501.375
 38 32 -21786.3594
 38 33  77919.6953
 38 34 -10628.6807
 38 35  110303.844
 38 36  78591.6094
 38 37  82246.9766
 38 38  440593.719
 38 39  40271.082
 38 40  3429.40479
 38 41  1787.67639
 38 42  15605.9033
 38 43  15155.3477
 38 44  10943.3555
 38 45 -3659.5752
 39 1 -59438.9961
 39 2  103006.641
 39 3  13636.8027
 39 4 -7911.29004
 39 5  15619.3926
 39 6  7658.34131
 39 7  581.556519
 39 8 -2757.90991
 39 9  6805.04834
 39 10  1144.92627
 39 11  878.342773
 39 12  48.2476768
 39 13 -801.463989
 39 14 -793.772644
 39 15 -518.036743
 39 16 -468270.781
 39 17  579991.938
 39 18  89555.5391
 39 19 -3876.13892
 39 20  16735.0645
 39 21  10678.375
 39 22 -1577.86389
 39 23  4401.00439
 39 24  44874.668
 39 25  21264.8613
 39 26  7771.07568
 39 27 -906.697754
 39 28  8916.63379
 39 29  5998.99316
 39 30 -3287.1355
 39 31  402307.625
 39 32  40486.4609
 39 33 -114850.32
 39 34 -8096.84717
 39 35  75837.4531
 39 36  59371.1719
 39 37  20163.1758
 39 38  40271.082
 39 39  264250.594
 39 40  52950.4492
 39 41  6889.19531
 39 42  4278.01123
 39 43  13687.1602
 39 44  8817.48145
 39 45 -3501.30786
 40 1 -154864.781
 40 2 -45593.4336
 40 3 -11490.082
 40 4 -20434.9785
 40 5 -2627.53955
 40 6  6795.3418
 40 7  2923.52856
 40 8 -1016.50928
 40 9 -5778.22168
 40 10  9921.61426
 40 11  1077.3269
 40 12  689.494751
 40 13  850.507385
 40 14  273.000275
 40 15  2101.48682
 40 16 -376154.688
 40 17  345538.5
 40 18  125375.633
 40 19 -10627.7432
 40 20  64.0735016
 40 21  6447.45215
 40 22  2117.79468
 40 23 -9110.75684
 40 24  4146.17578
 40 25  38308.1602
 40 26  3099.33789
 40 27 -5700.73145
 40 28 -994.300781
 40 29 -4013.31714
 40 30  3101.15894
 40 31 -1005132.12
 40 32 -325495.531
 40 33 -55041.1289
 40 34  39683.1523
 40 35 -4316.95898
 40 36  12178.418
 40 37 -16150.0684
 40 38  3429.40479
 40 39  52950.4492
 40 40  174848.609
 40 41  19963.2773
 40 42 -1081.52185
 40 43  6055.81445
 40 44  1647.1178
 40 45 -1537.4071
 41 1  25912.3965
 41 2  26751.7148
 41 3 -4914.15527
 41 4 -13137.7246
 41 5  17036.9316
 41 6  1989.64771
 41 7  6812.37695
 41 8  4026.86646
 41 9 -421.118927
 41 10 -49.4700317
 41 11  4685.354
 41 12 -637.385315
 41 13 -143.177841
 41 14 -712.891113
 41 15 -645.990173
 41 16 -277871.938
 41 17  73431.6172
 41 18 -3543.91992
 41 19 -43375.3633
 41 20  21487.1445
 41 21  5649.65674
 41 22  14071.5273
 41 23  7832.31689
 41 24 -669.060791
 41 25 -8372.05469
 41 26  14302.6611
 41 27  4794.09033
 41 28  657.87616
 41 29 -1947.42566
 41 30 -3953.10767
 41 31 -499210.125
 41 32  283462.469
 41 33  40755.1914
 41 34  4844.9292
 41 35  33379.7617
 41 36  19990.5195
 41 37 -914.588501
 41 38  1787.67639
 41 39  6889.19531
 41 40  19963.2773
 41 41  123412.719
 41 42  10852.5
 41 43  4894.33154
 41 44  269.104584
 41 45  1434.49805
 42 1  25437.0742
 42 2 -10105.9922
 42 3  32579.8594
 42 4  5788.40088
 42 5 -2267.11426
 42 6 -1472.75024
 42 7  3742.33838
 42 8  4662.08105
 42 9  2869.72632
 42 10  352.775787
 42 11  788.990662
 42 12  2246.78564
 42 13  700.773193
 42 14  28.2824821
 42 15 -716.727783
 42 16  271285.469
 42 17  70807.6875
 42 18  44993.793
 42 19  59421.6836
 42 20  19663.8809
 42 21  3895.43457
 42 22  7342.73975
 42 23  25302.6621
 42 24  10557.2607
 42 25  5112.64551
 42 26  9065.92871
 42 27  13164.3467
 42 28  6667.57129
 42 29  2359.77075
 42 30  6333.30664
 42 31  690478.188
 42 32  113668.617
 42 33  94356.125
 42 34  18356.2227
 42 35 -11529.9307
 42 36  374.781982
 42 37 -23318.4453
 42 38  15605.9033
 42 39  4278.01123
 42 40 -1081.52185
 42 41  10852.5
 42 42  97574.3906
 42 43  8754.66504
 42 44  4354.14453
 42 45  2060.43945
 43 1  102351.125
 43 2  28923.6191
 43 3 -9642.61035
 43 4  7446.30029
 43 5  8170.38672
 43 6  556.918335
 43 7  1563.03113
 43 8  2443.59155
 43 9  2547.43115
 43 10 -78.0498199
 43 11 -125.549286
 43 12 -652.023743
 43 13  1713.32202
 43 14 -106.44487
 43 15 -50.0087585
 43 16  339226.062
 43 17  100744.312
 43 18 -4130.68359
 43 19  2568.55884
 43 20 -14625.4717
 43 21 -1639.77832
 43 22  2714.66357
 43 23  14707.3447
 43 24  4692.16504
 43 25 -499.653839
 43 26  947.642029
 43 27 -722.443237
 43 28  7356.54248
 43 29  1706.32446
 43 30  1552.02869
 43 31  168303.594
 43 32  155720.531
 43 33  26154.6719
 43 34  4287.83936
 43 35 -4799.44922
 43 36  13066.5645
 43 37  10329.1631
 43 38  15155.3477
 43 39  13687.1602
 43 40  6055.81445
 43 41  4894.33154
 43 42  8754.66504
 43 43  67037.7734
 43 44  11223.1211
 43 45  274.723602
 44 1 -35688.543
 44 2  50734.6875
 44 3  28441.8125
 44 4  14196.0303
 44 5  4167.70654
 44 6 -1348.69434
 44 7 -633.358582
 44 8  3025.77246
 44 9  1159.43445
 44 10  1684.89209
 44 11  401.282806
 44 12 -154.515579
 44 13  476.346375
 44 14  670.917969
 44 15 -326.312958
 44 16  36659.3164
 44 17  88967.9531
 44 18 -9560.40625
 44 19  15128.4111
 44 20  18682.2109
 44 21  7095.4458
 44 22 -5461.70752
 44 23 -130.126862
 44 24  1513.07104
 44 25  4751.604
 44 26  464.361816
 44 27 -2055.25269
 44 28  1261.69055
 44 29  10997.8877
 44 30  560.863281
 44 31 -167071.953
 44 32  43948.1328
 44 33  31952.4473
 44 34  668.678345
 44 35  7993.39062
 44 36  17729.1289
 44 37 -6297.74561
 44 38  10943.3555
 44 39  8817.48145
 44 40  1647.1178
 44 41  269.104584
 44 42  4354.14453
 44 43  11223.1211
 44 44  54954.1328
 44 45  10383.9297
 45 1  19062.1211
 45 2  48249.3086
 45 3  36654.8984
 45 4  7959.61621
 45 5  5038.37988
 45 6  3688.56299
 45 7  3212.63477
 45 8  3494.3728
 45 9  2654.07666
 45 10  505.13559
 45 11 -362.778748
 45 12  34.1722298
 45 13 -389.926849
 45 14 -657.552002
 45 15  1146.37073
 45 16  52806.9766
 45 17  69278.1484
 45 18  48522.4766
 45 19  21579.709
 45 20  25107.4824
 45 21  4827.82275
 45 22  4740.45947
 45 23 -259.308716
 45 24  5356.31348
 45 25  921.870361
 45 26  4606.95264
 45 27  334.072754
 45 28  926.800171
 45 29  1217.85645
 45 30  6021.6792
 45 31  68622.1641
 45 32  197586.484
 45 33  18446.9766
 45 34 -5479.6377
 45 35  5114.38037
 45 36  4354.1958
 45 37 -4559.72559
 45 38 -3659.5752
 45 39 -3501.30786
 45 40 -1537.4071
 45 41  1434.49805
 45 42  2060.43945
 45 43  274.723602
 45 44  10383.9297
 45 45  43938.0234