 1 1  154123776.
 1 2  23559198.
 1 3  3368215.
 1 4  1222451.75
 1 5  406825.438
 1 6  358149.062
 1 7  133221.297
 1 8 -40672.5234
 1 9  193363.859
 1 10  70436.7344
 1 11 -2536.72681
 1 12  71910.1953
 1 13 -16051.9775
 1 14  46779.1016
 1 15  15247.3965
 1 16  766642624.
 1 17 -13447453.
 1 18  2055813.25
 1 19  2834322.5
 1 20 -923638.75
 1 21 -187307.656
 1 22  190193.641
 1 23  222237.141
 1 24  160305.844
 1 25 -7452.45947
 1 26  107708.609
 1 27  23567.5762
 1 28 -33821.3828
 1 29  162658.562
 1 30  91245.4297
 1 31  1.36336922E+09
 1 32 -34187632.
 1 33  3510832.5
 1 34 -125056.305
 1 35 -3385320.75
 1 36 -582497.188
 1 37  429619.
 1 38  266445.469
 1 39 -112440.672
 1 40  232925.016
 1 41  116816.68
 1 42  146728.703
 1 43 -67782.5234
 1 44  45661.1992
 1 45 -6559.64648
 2 1  23559198.
 2 2  13114874.
 2 3  3557038.
 2 4  581932.125
 2 5  197443.328
 2 6  196860.125
 2 7  129823.852
 2 8  58711.4102
 2 9  65626.3828
 2 10  90493.2656
 2 11  49813.5898
 2 12  20402.1973
 2 13  23534.8145
 2 14  13631.0859
 2 15  6415.479
 2 16  117288144.
 2 17  5708217.
 2 18 -1577348.88
 2 19 -366463.719
 2 20 -350004.156
 2 21  100158.516
 2 22 -15491.4756
 2 23 -30188.2695
 2 24 -57115.7891
 2 25  21149.873
 2 26 -29.6658707
 2 27 -63368.625
 2 28 -34413.0859
 2 29 -9744.52539
 2 30 -14792.2725
 2 31  208999184.
 2 32 -503844.031
 2 33 -1785816.88
 2 34 -1075146.
 2 35 -410305.844
 2 36  146559.109
 2 37 -4168.00146
 2 38  107472.07
 2 39 -39387.3828
 2 40  60571.5586
 2 41  14395.9971
 2 42 -10021.5938
 2 43 -50206.4102
 2 44 -14114.9404
 2 45 -42220.9609
 3 1  3368215.
 3 2  3557038.
 3 3  4302845.
 3 4  1039568.81
 3 5  258796.328
 3 6  110373.828
 3 7  69256.2734
 3 8  41359.8438
 3 9  40140.9453
 3 10  57050.7656
 3 11  32953.5586
 3 12  25825.6875
 3 13  11476.6436
 3 14  5824.13428
 3 15  7065.99658
 3 16  16780768.
 3 17  2596129.75
 3 18  3355374.75
 3 19  144092.719
 3 20 -1447.16296
 3 21  216680.516
 3 22 -12999.6953
 3 23 -19295.0117
 3 24  316.692902
 3 25  79681.2031
 3 26  14751.168
 3 27  698.928223
 3 28 -25361.3887
 3 29  3145.53027
 3 30  2338.99292
 3 31  29953434.
 3 32  691540.125
 3 33  1692455.
 3 34 -847215.438
 3 35  92842.5312
 3 36  309589.562
 3 37  13142.8652
 3 38  127336.695
 3 39  46578.2695
 3 40  51845.2656
 3 41  39521.0742
 3 42 -14992.1035
 3 43 -59116.25
 3 44 -3797.44946
 3 45 -217.25032
 4 1  1222451.75
 4 2  581932.125
 4 3  1039568.81
 4 4  1424429.38
 4 5  402089.906
 4 6  113670.484
 4 7  57166.8438
 4 8  23751.0605
 4 9  39929.0469
 4 10  22959.0703
 4 11  20466.0879
 4 12  17797.6543
 4 13  7463.4707
 4 14  9632.58008
 4 15  11796.2451
 4 16  6079346.5
 4 17  772692.125
 4 18  1022785.12
 4 19  1898257.62
 4 20  68269.1094
 4 21  137091.438
 4 22  5207.86768
 4 23 -6867.70605
 4 24  11412.165
 4 25  38235.2227
 4 26  32384.1934
 4 27  24880.3164
 4 28  1620.89087
 4 29  7926.31885
 4 30  12333.8262
 4 31  10812864.
 4 32 -183121.625
 4 33  218667.984
 4 34  329819.875
 4 35 -253539.109
 4 36  30544.3457
 4 37  55610.9648
 4 38  73933.5156
 4 39  55316.2305
 4 40  38555.207
 4 41  38400.0625
 4 42  12145.2842
 4 43  8638.44043
 4 44  12710.4102
 4 45  11866.4854
 5 1  406825.438
 5 2  197443.328
 5 3  258796.328
 5 4  402089.906
 5 5  523571.688
 5 6  163888.906
 5 7  46287.8828
 5 8  26263.457
 5 9  29749.2012
 5 10  15003.6797
 5 11  12981.1582
 5 12  10396.1543
 5 13  10997.8818
 5 14  6441.46484
 5 15  6614.71973
 5 16  2017357.25
 5 17  709222.5
 5 18  58115.2227
 5 19  367661.188
 5 20  561455.125
 5 21  133860.844
 5 22  12887.3711
 5 23  29636.9199
 5 24  11730.918
 5 25  16438.6777
 5 26  28120.3984
 5 27  14021.7402
 5 28  14568.2422
 5 29  4479.03467
 5 30  14516.5947
 5 31  3562136.25
 5 32  56885.3359
 5 33 -52085.625
 5 34  62905.6758
 5 35  63080.1562
 5 36 -23152.5703
 5 37  8144.27148
 5 38  14966.8486
 5 39 -9313.23438
 5 40  6574.45947
 5 41  2846.52979
 5 42 -17132.1055
 5 43 -2285.81958
 5 44  6256.45898
 5 45  3052.62817
 6 1  358149.062
 6 2  196860.125
 6 3  110373.828
 6 4  113670.484
 6 5  163888.906
 6 6  225928.141
 6 7  64368.7969
 6 8  20206.1816
 6 9  13315.3193
 6 10  9815.12109
 6 11  9473.96387
 6 12  7785.32178
 6 13  9600.00293
 6 14  5995.82764
 6 15  4630.58594
 6 16  1779831.88
 6 17  371555.469
 6 18  68748.1016
 6 19  129710.977
 6 20  166862.078
 6 21  263320.969
 6 22  30936.4727
 6 23  5509.1416
 6 24  7480.4751
 6 25  2578.78638
 6 26  14663.5508
 6 27  7746.11914
 6 28  12863.6758
 6 29  3581.41968
 6 30  5965.93213
 6 31  3160008.5
 6 32 -98867.6875
 6 33  20190.793
 6 34 -70759.3828
 6 35 -4415.33691
 6 36  126235.156
 6 37 -30783.3223
 6 38  11379.2949
 6 39  10541.5195
 6 40  6596.22803
 6 41 -5786.96826
 6 42 -7087.79883
 6 43  11026.0068
 6 44  3538.97363
 6 45 -1092.28064
 7 1  133221.297
 7 2  129823.852
 7 3  69256.2734
 7 4  57166.8438
 7 5  46287.8828
 7 6  64368.7969
 7 7  100478.078
 7 8  31719.3203
 7 9  13291.7773
 7 10  8902.94531
 7 11  7655.17236
 7 12  4593.8833
 7 13  4731.12549
 7 14  2973.08008
 7 15  3288.41602
 7 16  662304.5
 7 17  154731.016
 7 18 -24483.4746
 7 19  46092.
 7 20  10114.2607
 7 21  53874.293
 7 22  105008.773
 7 23  13801.627
 7 24  11786.7539
 7 25  6297.80713
 7 26  9724.5791
 7 27  1479.96631
 7 28  4093.48779
 7 29 -1832.55493
 7 30  4191.979
 7 31  1178149.75
 7 32  32766.2676
 7 33 -43032.9375
 7 34 -33068.2539
 7 35  25886.9258
 7 36  19955.4961
 7 37  71333.4609
 7 38  11344.332
 7 39  7500.20312
 7 40  4193.53613
 7 41  10723.2041
 7 42  7743.41748
 7 43  9254.45801
 7 44  2894.28613
 7 45 -1709.64453
 8 1 -40672.5234
 8 2  58711.4102
 8 3  41359.8438
 8 4  23751.0605
 8 5  26263.457
 8 6  20206.1816
 8 7  31719.3203
 8 8  60121.9023
 8 9  22240.082
 8 10  10379.6982
 8 11  8057.66064
 8 12  4316.88232
 8 13  4408.33643
 8 14  3475.9165
 8 15  3901.00098
 8 16 -201231.469
 8 17  49278.6289
 8 18 -72792.2109
 8 19  10747.2969
 8 20  8464.18457
 8 21  16649.332
 8 22  24592.0547
 8 23  58769.375
 8 24  4906.87842
 8 25 -378.985229
 8 26  5461.42334
 8 27  2620.89746
 8 28  3478.68701
 8 29  184.064453
 8 30  3265.17676
 8 31 -353893.656
 8 32  81944.0938
 8 33 -29235.8906
 8 34  10748.207
 8 35 -3820.39331
 8 36  9587.41699
 8 37 -7027.62695
 8 38  37818.4414
 8 39 -7574.34375
 8 40 -10964.4541
 8 41  6124.84717
 8 42 -3305.53882
 8 43  3152.84985
 8 44 -1184.10229
 8 45  1755.34265
 9 1  193363.859
 9 2  65626.3828
 9 3  40140.9453
 9 4  39929.0469
 9 5  29749.2012
 9 6  13315.3193
 9 7  13291.7773
 9 8  22240.082
 9 9  37424.2578
 9 10  14539.1748
 9 11  7503.8623
 9 12  4771.4209
 9 13  3337.17358
 9 14  2544.77612
 9 15  2235.76074
 9 16  962029.812
 9 17  31048.334
 9 18  20071.6738
 9 19  78958.4766
 9 20  20890.5859
 9 21  2096.46387
 9 22  9001.87988
 9 23  18351.1895
 9 24  34169.6172
 9 25  4353.47363
 9 26  4541.03027
 9 27  5315.06738
 9 28  2331.67188
 9 29  940.762329
 9 30  2557.31079
 9 31  1713402.5
 9 32 -4190.146
 9 33  54896.8242
 9 34  10651.2344
 9 35 -24420.5625
 9 36 -14619.4102
 9 37 -523.373657
 9 38  5974.52588
 9 39  14648.5957
 9 40 -53.9340248
 9 41  5566.72852
 9 42  511.52182
 9 43 -279.860748
 9 44  1810.04517
 9 45  1015.4184
 10 1  70436.7344
 10 2  90493.2656
 10 3  57050.7656
 10 4  22959.0703
 10 5  15003.6797
 10 6  9815.12109
 10 7  8902.94531
 10 8  10379.6982
 10 9  14539.1748
 10 10  24594.8672
 10 11  9528.09961
 10 12  4020.97266
 10 13  3303.55713
 10 14  2234.05396
 10 15  1951.44531
 10 16  351111.5
 10 17  116849.156
 10 18  51010.8125
 10 19  42901.6953
 10 20  13118.1582
 10 21  2301.9939
 10 22  8824.55664
 10 23  4302.34619
 10 24  4904.42871
 10 25  23310.7344
 10 26  6177.28418
 10 27  3211.96338
 10 28  1882.9491
 10 29  147.190643
 10 30  400.917297
 10 31  627956.
 10 32 -71246.1172
 10 33 -28932.9355
 10 34 -57234.0156
 10 35 -13091.2168
 10 36 -11670.2266
 10 37  2576.36499
 10 38  2625.45215
 10 39 -502.008026
 10 40  12044.6504
 10 41 -11.9313641
 10 42 -5448.58594
 10 43 -2188.41016
 10 44 -218.035294
 10 45  1592.34961
 11 1 -2536.72681
 11 2  49813.5898
 11 3  32953.5586
 11 4  20466.0879
 11 5  12981.1582
 11 6  9473.96387
 11 7  7655.17236
 11 8  8057.66064
 11 9  7503.8623
 11 10  9528.09961
 11 11  16338.1396
 11 12  5467.8042
 11 13  2741.74927
 11 14  1927.05298
 11 15  1835.63879
 11 16 -12694.9111
 11 17  126510.398
 11 18  7970.90527
 11 19  33812.0938
 11 20  4160.61523
 11 21 -2557.375
 11 22  5055.17627
 11 23  2726.92798
 11 24  1662.56616
 11 25  3890.83252
 11 26  13220.0039
 11 27  2120.7146
 11 28  2905.70312
 11 29  1585.34619
 11 30  1642.17688
 11 31 -22425.4219
 11 32 -51925.2656
 11 33  2088.43433
 11 34 -14116.9033
 11 35 -713.259216
 11 36 -244.464645
 11 37  3897.97583
 11 38  2331.58423
 11 39  1170.08923
 11 40  465.493988
 11 41  6726.76953
 11 42 -4306.14404
 11 43 -155.183685
 11 44  19.8004227
 11 45  70.1716614
 12 1  71910.1953
 12 2  20402.1973
 12 3  25825.6875
 12 4  17797.6543
 12 5  10396.1543
 12 6  7785.32178
 12 7  4593.8833
 12 8  4316.88232
 12 9  4771.4209
 12 10  4020.97266
 12 11  5467.8042
 12 12  10005.5205
 12 13  3443.40894
 12 14  1245.2356
 12 15  1742.948
 12 16  357784.312
 12 17  30837.5156
 12 18  15762.501
 12 19  24219.4668
 12 20  8155.68213
 12 21  4850.56689
 12 22  7881.854
 12 23  3557.41846
 12 24  3021.13965
 12 25  1789.54089
 12 26  3742.22754
 12 27  10429.1992
 12 28  1711.4425
 12 29 -360.07309
 12 30  828.289246
 12 31  637680.562
 12 32 -68912.0234
 12 33  31727.9531
 12 34  14317.5391
 12 35 -568.0354
 12 36 -6656.30762
 12 37 -3962.90967
 12 38  2501.2749
 12 39  1593.14856
 12 40  1138.01794
 12 41  2667.62646
 12 42  3341.34497
 12 43 -562.953308
 12 44 -551.432556
 12 45  12.1585798
 13 1 -16051.9775
 13 2  23534.8145
 13 3  11476.6436
 13 4  7463.4707
 13 5  10997.8818
 13 6  9600.00293
 13 7  4731.12549
 13 8  4408.33643
 13 9  3337.17358
 13 10  3303.55713
 13 11  2741.74927
 13 12  3443.40894
 13 13  8478.07129
 13 14  3604.80322
 13 15  1819.20032
 13 16 -80046.2812
 13 17  48688.0898
 13 18 -4545.00098
 13 19  14371.4043
 13 20  14385.5693
 13 21  6607.90283
 13 22  5371.50244
 13 23  3000.40503
 13 24  1515.46423
 13 25  2081.67261
 13 26  1843.40796
 13 27  2168.75806
 13 28  6285.19775
 13 29  333.859375
 13 30  1087.0094
 13 31 -142805.906
 13 32 -15273.0527
 13 33  699.427063
 13 34  12953.7295
 13 35  4292.521
 13 36 -277.575684
 13 37  591.407227
 13 38 -789.198914
 13 39 -880.063599
 13 40 -3002.18774
 13 41  1134.66711
 13 42 -489.806122
 13 43  3712.37451
 13 44  645.687012
 13 45  845.010132
 14 1  46779.1016
 14 2  13631.0859
 14 3  5824.13428
 14 4  9632.58008
 14 5  6441.46484
 14 6  5995.82764
 14 7  2973.08008
 14 8  3475.9165
 14 9  2544.77612
 14 10  2234.05396
 14 11  1927.05298
 14 12  1245.2356
 14 13  3604.80322
 14 14  6453.52686
 14 15  2466.20972
 14 16  233404.438
 14 17  21917.793
 14 18 -867.861694
 14 19  21332.1934
 14 20  3031.13672
 14 21 -1764.2887
 14 22  875.478943
 14 23  2001.63171
 14 24 -1005.84875
 14 25  8.43362713
 14 26  1000.6377
 14 27  988.323303
 14 28  2158.3623
 14 29  4264.62842
 14 30  689.024841
 14 31  418737.156
 14 32  11004.79
 14 33 -8482.47559
 14 34  5643.43701
 14 35 -9072.46484
 14 36  4905.01172
 14 37  2569.73364
 14 38 -175.523636
 14 39 -2735.69824
 14 40 -3591.02002
 14 41  1388.11096
 14 42 -180.39151
 14 43  1943.03748
 14 44  2922.48584
 14 45 -284.902191
 15 1  15247.3965
 15 2  6415.479
 15 3  7065.99658
 15 4  11796.2451
 15 5  6614.71973
 15 6  4630.58594
 15 7  3288.41602
 15 8  3901.00098
 15 9  2235.76074
 15 10  1951.44531
 15 11  1835.63879
 15 12  1742.948
 15 13  1819.20032
 15 14  2466.20972
 15 15  4642.12793
 15 16  76393.2578
 15 17  37841.5859
 15 18  23249.3848
 15 19  22474.0547
 15 20  5229.89551
 15 21  4364.09082
 15 22  1472.51208
 15 23  5360.45117
 15 24  1187.93689
 15 25  1711.49365
 15 26  652.76001
 15 27  1448.24951
 15 28  588.070374
 15 29  614.948547
 15 30  3095.35522
 15 31  138082.547
 15 32 -4839.81641
 15 33 -6967.0249
 15 34 -4896.88281
 15 35  4698.75879
 15 36 -775.409485
 15 37 -1144.15039
 15 38  4477.40869
 15 39 -1634.59229
 15 40 -289.235901
 15 41 -155.182449
 15 42 -588.679199
 15 43  1468.24329
 15 44  412.50882
 15 45  1216.05139
 16 1  766642624.
 16 2  117288144.
 16 3  16780768.
 16 4  6079346.5
 16 5  2017357.25
 16 6  1779831.88
 16 7  662304.5
 16 8 -201231.469
 16 9  962029.812
 16 10  351111.5
 16 11 -12694.9111
 16 12  357784.312
 16 13 -80046.2812
 16 14  233404.438
 16 15  76393.2578
 16 16  3.81347072E+09
 16 17 -67007456.
 16 18  10169153.
 16 19  14083831.
 16 20 -4608912.
 16 21 -936485.25
 16 22  940744.5
 16 23  1102900.5
 16 24  794472.312
 16 25 -37764.8008
 16 26  535333.5
 16 27  117737.969
 16 28 -169676.562
 16 29  807834.438
 16 30  452730.
 16 31  6.78178304E+09
 16 32 -170123744.
 16 33  17441800.
 16 34 -659122.25
 16 35 -16857972.
 16 36 -2906029.25
 16 37  2124716.25
 16 38  1321293.62
 16 39 -563068.562
 16 40  1157397.62
 16 41  581272.562
 16 42  733710.75
 16 43 -338650.5
 16 44  227480.141
 16 45 -33371.3906
 17 1 -13447453.
 17 2  5708217.
 17 3  2596129.75
 17 4  772692.125
 17 5  709222.5
 17 6  371555.469
 17 7  154731.016
 17 8  49278.6289
 17 9  31048.334
 17 10  116849.156
 17 11  126510.398
 17 12  30837.5156
 17 13  48688.0898
 17 14  21917.793
 17 15  37841.5859
 17 16 -67007456.
 17 17  65912544.
 17 18  8995703.
 17 19  1514176.75
 17 20  499976.781
 17 21  457014.5
 17 22  119174.031
 17 23  202414.844
 17 24  271264.75
 17 25  250081.734
 17 26 -38954.875
 17 27  21387.0098
 17 28  57656.3477
 17 29  111240.102
 17 30  52990.3203
 17 31 -119645504.
 17 32  13075186.
 17 33 -17989712.
 17 34 -2805048.75
 17 35 -326413.781
 17 36 -73163.0547
 17 37  157204.031
 17 38 -25456.2285
 17 39  24003.6406
 17 40  218496.234
 17 41 -129864.812
 17 42 -163555.281
 17 43  40136.3555
 17 44  13187.1777
 17 45 -16915.5625
 18 1  2055813.25
 18 2 -1577348.88
 18 3  3355374.75
 18 4  1022785.12
 18 5  58115.2227
 18 6  68748.1016
 18 7 -24483.4746
 18 8 -72792.2109
 18 9  20071.6738
 18 10  51010.8125
 18 11  7970.90527
 18 12  15762.501
 18 13 -4545.00098
 18 14 -867.861694
 18 15  23249.3848
 18 16  10169153.
 18 17  8995703.
 18 18  26266084.
 18 19  5469352.5
 18 20  681398.875
 18 21  594639.625
 18 22  85743.8672
 18 23  257731.094
 18 24  281001.75
 18 25  206285.25
 18 26  27390.8477
 18 27  63642.2266
 18 28 -3594.88257
 18 29  82479.6484
 18 30  81059.9766
 18 31  17849838.
 18 32 -11433.8193
 18 33  6007355.
 18 34 -4118075.
 18 35 -121524.117
 18 36  137927.109
 18 37  274542.031
 18 38  369942.75
 18 39  170471.062
 18 40  210182.156
 18 41  86721.1172
 18 42 -31935.9883
 18 43 -40484.582
 18 44  83441.7109
 18 45  122193.828
 19 1  2834322.5
 19 2 -366463.719
 19 3  144092.719
 19 4  1898257.62
 19 5  367661.188
 19 6  129710.977
 19 7  46092.
 19 8  10747.2969
 19 9  78958.4766
 19 10  42901.6953
 19 11  33812.0938
 19 12  24219.4668
 19 13  14371.4043
 19 14  21332.1934
 19 15  22474.0547
 19 16  14083831.
 19 17  1514176.75
 19 18  5469352.5
 19 19  9464173.
 19 20  1360747.12
 19 21  655373.875
 19 22  299730.312
 19 23  239349.359
 19 24  161934.
 19 25  89802.1875
 19 26  79990.7812
 19 27  73931.1953
 19 28  36990.6211
 19 29  26197.2812
 19 30  61424.3945
 19 31  24987006.
 19 32 -1185999.
 19 33  2127872.5
 19 34  2225130.
 19 35 -1289874.25
 19 36 -161547.781
 19 37  244096.109
 19 38  159636.406
 19 39  42696.6484
 19 40  79381.5625
 19 41  102427.008
 19 42  57792.6133
 19 43  57520.3945
 19 44  66154.4766
 19 45  50459.9609
 20 1 -923638.75
 20 2 -350004.156
 20 3 -1447.16296
 20 4  68269.1094
 20 5  561455.125
 20 6  166862.078
 20 7  10114.2607
 20 8  8464.18457
 20 9  20890.5859
 20 10  13118.1582
 20 11  4160.61523
 20 12  8155.68213
 20 13  14385.5693
 20 14  3031.13672
 20 15  5229.89551
 20 16 -4608912.
 20 17  499976.781
 20 18  681398.875
 20 19  1360747.12
 20 20  3023526.5
 20 21  734103.5
 20 22  213979.812
 20 23  167022.453
 20 24  65884.8359
 20 25  73081.2422
 20 26  38204.6094
 20 27  27536.8242
 20 28  44317.1484
 20 29 -9731.91211
 20 30  19441.8672
 20 31 -8256023.
 20 32  190702.406
 20 33  493977.156
 20 34  633188.938
 20 35  975655.375
 20 36 -238888.484
 20 37 -131819.516
 20 38 -66553.5391
 20 39 -100106.922
 20 40  37796.6836
 20 41 -13095.1377
 20 42 -60728.9531
 20 43  4816.29443
 20 44  2570.06689
 20 45  4413.96777
 21 1 -187307.656
 21 2  100158.516
 21 3  216680.516
 21 4  137091.438
 21 5  133860.844
 21 6  263320.969
 21 7  53874.293
 21 8  16649.332
 21 9  2096.46387
 21 10  2301.9939
 21 11 -2557.375
 21 12  4850.56689
 21 13  6607.90283
 21 14 -1764.2887
 21 15  4364.09082
 21 16 -936485.25
 21 17  457014.5
 21 18  594639.625
 21 19  655373.875
 21 20  734103.5
 21 21  1574236.
 21 22  313416.625
 21 23  160433.203
 21 24  72799.3359
 21 25  50134.4219
 21 26  36829.9883
 21 27  30354.5234
 21 28  18082.5801
 21 29  3589.6521
 21 30  13633.9053
 21 31 -1684561.62
 21 32  329267.469
 21 33  685859.188
 21 34 -59064.293
 21 35  38177.5664
 21 36  583016.562
 21 37 -159237.797
 21 38  49753.4062
 21 39 -9308.65332
 21 40  17334.6055
 21 41 -5822.13867
 21 42  8059.57568
 21 43  20378.9062
 21 44 -2264.0896
 21 45  22644.6895
 22 1  190193.641
 22 2 -15491.4756
 22 3 -12999.6953
 22 4  5207.86768
 22 5  12887.3711
 22 6  30936.4727
 22 7  105008.773
 22 8  24592.0547
 22 9  9001.87988
 22 10  8824.55664
 22 11  5055.17627
 22 12  7881.854
 22 13  5371.50244
 22 14  875.478943
 22 15  1472.51208
 22 16  940744.5
 22 17  119174.031
 22 18  85743.8672
 22 19  299730.312
 22 20  213979.812
 22 21  313416.625
 22 22  660407.688
 22 23  177773.125
 22 24  61508.6094
 22 25  43945.2578
 22 26  14453.3711
 22 27  18742.5293
 22 28  21111.5176
 22 29  7988.6626
 22 30  8174.93848
 22 31  1651744.62
 22 32  557550.25
 22 33  175823.922
 22 34  123360.195
 22 35  1198.66968
 22 36  41672.7891
 22 37  320379.688
 22 38 -10309.4229
 22 39 -12661.043
 22 40  13949.2275
 22 41  12632.2617
 22 42  25760.877
 22 43  15547.6807
 22 44 -444.780579
 22 45  3805.60449
 23 1  222237.141
 23 2 -30188.2695
 23 3 -19295.0117
 23 4 -6867.70605
 23 5  29636.9199
 23 6  5509.1416
 23 7  13801.627
 23 8  58769.375
 23 9  18351.1895
 23 10  4302.34619
 23 11  2726.92798
 23 12  3557.41846
 23 13  3000.40503
 23 14  2001.63171
 23 15  5360.45117
 23 16  1102900.5
 23 17  202414.844
 23 18  257731.094
 23 19  239349.359
 23 20  167022.453
 23 21  160433.203
 23 22  177773.125
 23 23  419791.
 23 24  103137.094
 23 25  27473.3516
 23 26  16451.3691
 23 27  15703.9951
 23 28  21194.3691
 23 29  13529.7607
 23 30  10274.8223
 23 31  1951228.5
 23 32  209615.656
 23 33  217131.781
 23 34  112384.836
 23 35 -13381.1123
 23 36 -29908.123
 23 37  40725.6172
 23 38  186528.125
 23 39 -14583.8975
 23 40 -8474.91504
 23 41  3436.17383
 23 42  4889.4873
 23 43  11602.3125
 23 44  8458.46582
 23 45  9045.10059
 24 1  160305.844
 24 2 -57115.7891
 24 3  316.692902
 24 4  11412.165
 24 5  11730.918
 24 6  7480.4751
 24 7  11786.7539
 24 8  4906.87842
 24 9  34169.6172
 24 10  4904.42871
 24 11  1662.56616
 24 12  3021.13965
 24 13  1515.46423
 24 14 -1005.84875
 24 15  1187.93689
 24 16  794472.312
 24 17  271264.75
 24 18  281001.75
 24 19  161934.
 24 20  65884.8359
 24 21  72799.3359
 24 22  61508.6094
 24 23  103137.094
 24 24  225613.625
 24 25  45698.1016
 24 26  10078.9492
 24 27  16867.1777
 24 28  5229.19775
 24 29  864.555298
 24 30  5543.15234
 24 31  1400045.88
 24 32  273584.375
 24 33  171612.203
 24 34  97600.1875
 24 35 -21391.0586
 24 36 -2297.42065
 24 37  43581.
 24 38  43571.9922
 24 39  112916.273
 24 40  9205.5625
 24 41 -3810.35962
 24 42  9098.58105
 24 43  813.786438
 24 44  2740.43042
 24 45  1531.797
 25 1 -7452.45947
 25 2  21149.873
 25 3  79681.2031
 25 4  38235.2227
 25 5  16438.6777
 25 6  2578.78638
 25 7  6297.80713
 25 8 -378.985229
 25 9  4353.47363
 25 10  23310.7344
 25 11  3890.83252
 25 12  1789.54089
 25 13  2081.67261
 25 14  8.43362713
 25 15  1711.49365
 25 16 -37764.8008
 25 17  250081.734
 25 18  206285.25
 25 19  89802.1875
 25 20  73081.2422
 25 21  50134.4219
 25 22  43945.2578
 25 23  27473.3516
 25 24  45698.1016
 25 25  152317.078
 25 26  39644.0117
 25 27  14995.29
 25 28  11461.7324
 25 29  3625.51221
 25 30  2670.56494
 25 31 -70451.0469
 25 32  17702.2695
 25 33 -55954.4766
 25 34 -96345.3281
 25 35 -7356.68213
 25 36 -50149.9453
 25 37  25962.4727
 25 38  12537.75
 25 39  16864.0762
 25 40  73823.0312
 25 41 -6440.47266
 25 42 -8875.45215
 25 43 -7520.0752
 25 44 -2819.85132
 25 45  1178.85144
 26 1  107708.609
 26 2 -29.6658707
 26 3  14751.168
 26 4  32384.1934
 26 5  28120.3984
 26 6  14663.5508
 26 7  9724.5791
 26 8  5461.42334
 26 9  4541.03027
 26 10  6177.28418
 26 11  13220.0039
 26 12  3742.22754
 26 13  1843.40796
 26 14  1000.6377
 26 15  652.76001
 26 16  535333.5
 26 17 -38954.875
 26 18  27390.8477
 26 19  79990.7812
 26 20  38204.6094
 26 21  36829.9883
 26 22  14453.3711
 26 23  16451.3691
 26 24  10078.9492
 26 25  39644.0117
 26 26  94793.5859
 26 27  26380.5547
 26 28  11134.2119
 26 29  1995.91162
 26 30  5575.78662
 26 31  950300.375
 26 32 -6834.42236
 26 33  90335.0781
 26 34 -11720.2061
 26 35  25570.7207
 26 36  17433.252
 26 37  17993.5801
 26 38  21160.6777
 26 39  10886.7764
 26 40  16936.2207
 26 41  32232.2617
 26 42 -3814.19287
 26 43 -2481.04028
 26 44  834.866516
 26 45  4575.41162
 27 1  23567.5762
 27 2 -63368.625
 27 3  698.928223
 27 4  24880.3164
 27 5  14021.7402
 27 6  7746.11914
 27 7  1479.96631
 27 8  2620.89746
 27 9  5315.06738
 27 10  3211.96338
 27 11  2120.7146
 27 12  10429.1992
 27 13  2168.75806
 27 14  988.323303
 27 15  1448.24951
 27 16  117737.969
 27 17  21387.0098
 27 18  63642.2266
 27 19  73931.1953
 27 20  27536.8242
 27 21  30354.5234
 27 22  18742.5293
 27 23  15703.9951
 27 24  16867.1777
 27 25  14995.29
 27 26  26380.5547
 27 27  71470.3281
 27 28  21122.9805
 27 29  6548.56201
 27 30  6387.36914
 27 31  211664.219
 27 32  150216.562
 27 33  6465.1665
 27 34 -6586.35693
 27 35 -8011.18115
 27 36 -9318.62012
 27 37 -2675.979
 27 38  8515.42773
 27 39  15676.7041
 27 40  10142.5332
 27 41 -861.12793
 27 42  34380.0117
 27 43  2668.84155
 27 44  1681.1969
 27 45  5741.7168
 28 1 -33821.3828
 28 2 -34413.0859
 28 3 -25361.3887
 28 4  1620.89087
 28 5  14568.2422
 28 6  12863.6758
 28 7  4093.48779
 28 8  3478.68701
 28 9  2331.67188
 28 10  1882.9491
 28 11  2905.70312
 28 12  1711.4425
 28 13  6285.19775
 28 14  2158.3623
 28 15  588.070374
 28 16 -169676.562
 28 17  57656.3477
 28 18 -3594.88257
 28 19  36990.6211
 28 20  44317.1484
 28 21  18082.5801
 28 22  21111.5176
 28 23  21194.3691
 28 24  5229.19775
 28 25  11461.7324
 28 26  11134.2119
 28 27  21122.9805
 28 28  49930.7969
 28 29  16151.5947
 28 30  6401.57861
 28 31 -307680.219
 28 32 -1660.72815
 28 33  12904.7129
 28 34  27568.5625
 28 35 -11758.1016
 28 36 -23962.4238
 28 37  20931.6016
 28 38  15917.9375
 28 39  7480.91748
 28 40  5612.77148
 28 41 -3099.83594
 28 42  3884.20166
 28 43  20165.2109
 28 44  1318.30334
 28 45  2212.63281
 29 1  162658.562
 29 2 -9744.52539
 29 3  3145.53027
 29 4  7926.31885
 29 5  4479.03467
 29 6  3581.41968
 29 7 -1832.55493
 29 8  184.064453
 29 9  940.762329
 29 10  147.190643
 29 11  1585.34619
 29 12 -360.07309
 29 13  333.859375
 29 14  4264.62842
 29 15  614.948547
 29 16  807834.438
 29 17  111240.102
 29 18  82479.6484
 29 19  26197.2812
 29 20 -9731.91211
 29 21  3589.6521
 29 22  7988.6626
 29 23  13529.7607
 29 24  864.555298
 29 25  3625.51221
 29 26  1995.91162
 29 27  6548.56201
 29 28  16151.5947
 29 29  38451.0156
 29 30  8934.08887
 29 31  1431606.62
 29 32  30778.293
 29 33  1845.64929
 29 34  8193.49902
 29 35 -24020.5039
 29 36  181.063049
 29 37  6633.5874
 29 38  10413.9023
 29 39  3012.80615
 29 40 -440.518127
 29 41 -188.085449
 29 42 -10.9749126
 29 43  3680.14868
 29 44  14958.0977
 29 45  1822.55261
 30 1  91245.4297
 30 2 -14792.2725
 30 3  2338.99292
 30 4  12333.8262
 30 5  14516.5947
 30 6  5965.93213
 30 7  4191.979
 30 8  3265.17676
 30 9  2557.31079
 30 10  400.917297
 30 11  1642.17688
 30 12  828.289246
 30 13  1087.0094
 30 14  689.024841
 30 15  3095.35522
 30 16  452730.
 30 17  52990.3203
 30 18  81059.9766
 30 19  61424.3945
 30 20  19441.8672
 30 21  13633.9053
 30 22  8174.93848
 30 23  10274.8223
 30 24  5543.15234
 30 25  2670.56494
 30 26  5575.78662
 30 27  6387.36914
 30 28  6401.57861
 30 29  8934.08887
 30 30  26493.4883
 30 31  800180.125
 30 32  79415.1406
 30 33  4623.52197
 30 34  3016.99756
 30 35 -15951.873
 30 36 -13626.2471
 30 37 -92.9079437
 30 38  14266.835
 30 39  5254.66113
 30 40  625.839966
 30 41  1516.11499
 30 42  4518.88379
 30 43  1714.75427
 30 44  312.39151
 30 45  9576.35547
 31 1  1.36336922E+09
 31 2  208999184.
 31 3  29953434.
 31 4  10812864.
 31 5  3562136.25
 31 6  3160008.5
 31 7  1178149.75
 31 8 -353893.656
 31 9  1713402.5
 31 10  627956.
 31 11 -22425.4219
 31 12  637680.562
 31 13 -142805.906
 31 14  418737.156
 31 15  138082.547
 31 16  6.78178304E+09
 31 17 -119645504.
 31 18  17849838.
 31 19  24987006.
 31 20 -8256023.
 31 21 -1684561.62
 31 22  1651744.62
 31 23  1951228.5
 31 24  1400045.88
 31 25 -70451.0469
 31 26  950300.375
 31 27  211664.219
 31 28 -307680.219
 31 29  1431606.62
 31 30  800180.125
 31 31  1.20608276E+10
 31 32 -302826688.
 31 33  30926836.
 31 34 -1327166.38
 31 35 -30057358.
 31 36 -5203782.
 31 37  3727269.25
 31 38  2333002.25
 31 39 -1017013.5
 31 40  2053230.5
 31 41  1034602.31
 31 42  1320862.
 31 43 -608445.938
 31 44  406021.594
 31 45 -62415.9648
 32 1 -34187632.
 32 2 -503844.031
 32 3  691540.125
 32 4 -183121.625
 32 5  56885.3359
 32 6 -98867.6875
 32 7  32766.2676
 32 8  81944.0938
 32 9 -4190.146
 32 10 -71246.1172
 32 11 -51925.2656
 32 12 -68912.0234
 32 13 -15273.0527
 32 14  11004.79
 32 15 -4839.81641
 32 16 -170123744.
 32 17  13075186.
 32 18 -11433.8193
 32 19 -1185999.
 32 20  190702.406
 32 21  329267.469
 32 22  557550.25
 32 23  209615.656
 32 24  273584.375
 32 25  17702.2695
 32 26 -6834.42236
 32 27  150216.562
 32 28 -1660.72815
 32 29  30778.293
 32 30  79415.1406
 32 31 -302826688.
 32 32  87166360.
 32 33  1271148.
 32 34  1933070.12
 32 35  1098471.75
 32 36  586058.875
 32 37  78901.2891
 32 38 -351577.062
 32 39 -22786.291
 32 40 -96032.3594
 32 41 -33242.7266
 32 42  4236.51611
 32 43 -10253.4492
 32 44 -8753.87402
 32 45  58439.5508
 33 1  3510832.5
 33 2 -1785816.88
 33 3  1692455.
 33 4  218667.984
 33 5 -52085.625
 33 6  20190.793
 33 7 -43032.9375
 33 8 -29235.8906
 33 9  54896.8242
 33 10 -28932.9355
 33 11  2088.43433
 33 12  31727.9531
 33 13  699.427063
 33 14 -8482.47559
 33 15 -6967.0249
 33 16  17441800.
 33 17 -17989712.
 33 18  6007355.
 33 19  2127872.5
 33 20  493977.156
 33 21  685859.188
 33 22  175823.922
 33 23  217131.781
 33 24  171612.203
 33 25 -55954.4766
 33 26  90335.0781
 33 27  6465.1665
 33 28  12904.7129
 33 29  1845.64929
 33 30  4623.52197
 33 31  30926836.
 33 32  1271148.
 33 33  27726928.
 33 34  3017641.25
 33 35  770480.75
 33 36  397762.781
 33 37  135599.578
 33 38 -39948.6211
 33 39  15664.4346
 33 40 -26375.75
 33 41  150886.109
 33 42 -89555.625
 33 43  14005.748
 33 44 -2746.72485
 33 45  13846.3906
 34 1 -125056.305
 34 2 -1075146.
 34 3 -847215.438
 34 4  329819.875
 34 5  62905.6758
 34 6 -70759.3828
 34 7 -33068.2539
 34 8  10748.207
 34 9  10651.2344
 34 10 -57234.0156
 34 11 -14116.9033
 34 12  14317.5391
 34 13  12953.7295
 34 14  5643.43701
 34 15 -4896.88281
 34 16 -659122.25
 34 17 -2805048.75
 34 18 -4118075.
 34 19  2225130.
 34 20  633188.938
 34 21 -59064.293
 34 22  123360.195
 34 23  112384.836
 34 24  97600.1875
 34 25 -96345.3281
 34 26 -11720.2061
 34 27 -6586.35693
 34 28  27568.5625
 34 29  8193.49902
 34 30  3016.99756
 34 31 -1327166.38
 34 32  1933070.12
 34 33  3017641.25
 34 34  12756563.
 34 35  2440735.
 34 36  355845.625
 34 37  315219.938
 34 38  106860.617
 34 39  178315.734
 34 40  30336.7949
 34 41  144413.359
 34 42  65545.9453
 34 43  108132.5
 34 44  27802.7656
 34 45  19184.2891
 35 1 -3385320.75
 35 2 -410305.844
 35 3  92842.5312
 35 4 -253539.109
 35 5  63080.1562
 35 6 -4415.33691
 35 7  25886.9258
 35 8 -3820.39331
 35 9 -24420.5625
 35 10 -13091.2168
 35 11 -713.259216
 35 12 -568.0354
 35 13  4292.521
 35 14 -9072.46484
 35 15  4698.75879
 35 16 -16857972.
 35 17 -326413.781
 35 18 -121524.117
 35 19 -1289874.25
 35 20  975655.375
 35 21  38177.5664
 35 22  1198.66968
 35 23 -13381.1123
 35 24 -21391.0586
 35 25 -7356.68213
 35 26  25570.7207
 35 27 -8011.18115
 35 28 -11758.1016
 35 29 -24020.5039
 35 30 -15951.873
 35 31 -30057358.
 35 32  1098471.75
 35 33  770480.75
 35 34  2440735.
 35 35  5031133.
 35 36  808538.5
 35 37  229036.344
 35 38  149582.281
 35 39  129146.562
 35 40  92327.3047
 35 41  45506.7852
 35 42  7830.53027
 35 43  33898.7969
 35 44  4026.08081
 35 45  33215.4023
 36 1 -582497.188
 36 2  146559.109
 36 3  309589.562
 36 4  30544.3457
 36 5 -23152.5703
 36 6  126235.156
 36 7  19955.4961
 36 8  9587.41699
 36 9 -14619.4102
 36 10 -11670.2266
 36 11 -244.464645
 36 12 -6656.30762
 36 13 -277.575684
 36 14  4905.01172
 36 15 -775.409485
 36 16 -2906029.25
 36 17 -73163.0547
 36 18  137927.109
 36 19 -161547.781
 36 20 -238888.484
 36 21  583016.562
 36 22  41672.7891
 36 23 -29908.123
 36 24 -2297.42065
 36 25 -50149.9453
 36 26  17433.252
 36 27 -9318.62012
 36 28 -23962.4238
 36 29  181.063049
 36 30 -13626.2471
 36 31 -5203782.
 36 32  586058.875
 36 33  397762.781
 36 34  355845.625
 36 35  808538.5
 36 36  2308961.
 36 37  398185.031
 36 38  150739.688
 36 39  41638.7773
 36 40 -838.413696
 36 41  20968.4453
 36 42  19478.9082
 36 43  27906.5586
 36 44  20191.1953
 36 45  19911.1797
 37 1  429619.
 37 2 -4168.00146
 37 3  13142.8652
 37 4  55610.9648
 37 5  8144.27148
 37 6 -30783.3223
 37 7  71333.4609
 37 8 -7027.62695
 37 9 -523.373657
 37 10  2576.36499
 37 11  3897.97583
 37 12 -3962.90967
 37 13  591.407227
 37 14  2569.73364
 37 15 -1144.15039
 37 16  2124716.25
 37 17  157204.031
 37 18  274542.031
 37 19  244096.109
 37 20 -131819.516
 37 21 -159237.797
 37 22  320379.688
 37 23  40725.6172
 37 24  43581.
 37 25  25962.4727
 37 26  17993.5801
 37 27 -2675.979
 37 28  20931.6016
 37 29  6633.5874
 37 30 -92.9079437
 37 31  3727269.25
 37 32  78901.2891
 37 33  135599.578
 37 34  315219.938
 37 35  229036.344
 37 36  398185.031
 37 37  1190694.88
 37 38  208239.156
 37 39  90254.4297
 37 40  37481.0391
 37 41  33799.3711
 37 42  34216.6133
 37 43  22412.7422
 37 44  4619.84619
 37 45  1917.85522
 38 1  266445.469
 38 2  107472.07
 38 3  127336.695
 38 4  73933.5156
 38 5  14966.8486
 38 6  11379.2949
 38 7  11344.332
 38 8  37818.4414
 38 9  5974.52588
 38 10  2625.45215
 38 11  2331.58423
 38 12  2501.2749
 38 13 -789.198914
 38 14 -175.523636
 38 15  4477.40869
 38 16  1321293.62
 38 17 -25456.2285
 38 18  369942.75
 38 19  159636.406
 38 20 -66553.5391
 38 21  49753.4062
 38 22 -10309.4229
 38 23  186528.125
 38 24  43571.9922
 38 25  12537.75
 38 26  21160.6777
 38 27  8515.42773
 38 28  15917.9375
 38 29  10413.9023
 38 30  14266.835
 38 31  2333002.25
 38 32 -351577.062
 38 33 -39948.6211
 38 34  106860.617
 38 35  149582.281
 38 36  150739.688
 38 37  208239.156
 38 38  690555.938
 38 39  175136.094
 38 40  38073.0898
 38 41  38360.5391
 38 42  28183.3086
 38 43  12517.4658
 38 44  9160.51758
 38 45  16483.7402
 39 1 -112440.672
 39 2 -39387.3828
 39 3  46578.2695
 39 4  55316.2305
 39 5 -9313.23438
 39 6  10541.5195
 39 7  7500.20312
 39 8 -7574.34375
 39 9  14648.5957
 39 10 -502.008026
 39 11  1170.08923
 39 12  1593.14856
 39 13 -880.063599
 39 14 -2735.69824
 39 15 -1634.59229
 39 16 -563068.562
 39 17  24003.6406
 39 18  170471.062
 39 19  42696.6484
 39 20 -100106.922
 39 21 -9308.65332
 39 22 -12661.043
 39 23 -14583.8975
 39 24  112916.273
 39 25  16864.0762
 39 26  10886.7764
 39 27  15676.7041
 39 28  7480.91748
 39 29  3012.80615
 39 30  5254.66113
 39 31 -1017013.5
 39 32 -22786.291
 39 33  15664.4346
 39 34  178315.734
 39 35  129146.562
 39 36  41638.7773
 39 37  90254.4297
 39 38  175136.094
 39 39  395531.188
 39 40  101860.703
 39 41  41664.4297
 39 42  40144.0508
 39 43  6178.55322
 39 44  4133.50293
 39 45  8414.20996
 40 1  232925.016
 40 2  60571.5586
 40 3  51845.2656
 40 4  38555.207
 40 5  6574.45947
 40 6  6596.22803
 40 7  4193.53613
 40 8 -10964.4541
 40 9 -53.9340248
 40 10  12044.6504
 40 11  465.493988
 40 12  1138.01794
 40 13 -3002.18774
 40 14 -3591.02002
 40 15 -289.235901
 40 16  1157397.62
 40 17  218496.234
 40 18  210182.156
 40 19  79381.5625
 40 20  37796.6836
 40 21  17334.6055
 40 22  13949.2275
 40 23 -8474.91504
 40 24  9205.5625
 40 25  73823.0312
 40 26  16936.2207
 40 27  10142.5332
 40 28  5612.77148
 40 29 -440.518127
 40 30  625.839966
 40 31  2053230.5
 40 32 -96032.3594
 40 33 -26375.75
 40 34  30336.7949
 40 35  92327.3047
 40 36 -838.413696
 40 37  37481.0391
 40 38  38073.0898
 40 39  101860.703
 40 40  247217.156
 40 41  54377.6367
 40 42  15662.8936
 40 43  3109.24878
 40 44  2797.44458
 40 45  9644.6084
 41 1  116816.68
 41 2  14395.9971
 41 3  39521.0742
 41 4  38400.0625
 41 5  2846.52979
 41 6 -5786.96826
 41 7  10723.2041
 41 8  6124.84717
 41 9  5566.72852
 41 10 -11.9313641
 41 11  6726.76953
 41 12  2667.62646
 41 13  1134.66711
 41 14  1388.11096
 41 15 -155.182449
 41 16  581272.562
 41 17 -129864.812
 41 18  86721.1172
 41 19  102427.008
 41 20 -13095.1377
 41 21 -5822.13867
 41 22  12632.2617
 41 23  3436.17383
 41 24 -3810.35962
 41 25 -6440.47266
 41 26  32232.2617
 41 27 -861.12793
 41 28 -3099.83594
 41 29 -188.085449
 41 30  1516.11499
 41 31  1034602.31
 41 32 -33242.7266
 41 33  150886.109
 41 34  144413.359
 41 35  45506.7852
 41 36  20968.4453
 41 37  33799.3711
 41 38  38360.5391
 41 39  41664.4297
 41 40  54377.6367
 41 41  153315.188
 41 42  28558.2461
 41 43  8562.35449
 41 44  5709.0083
 41 45  7787.07373
 42 1  146728.703
 42 2 -10021.5938
 42 3 -14992.1035
 42 4  12145.2842
 42 5 -17132.1055
 42 6 -7087.79883
 42 7  7743.41748
 42 8 -3305.53882
 42 9  511.52182
 42 10 -5448.58594
 42 11 -4306.14404
 42 12  3341.34497
 42 13 -489.806122
 42 14 -180.39151
 42 15 -588.679199
 42 16  733710.75
 42 17 -163555.281
 42 18 -31935.9883
 42 19  57792.6133
 42 20 -60728.9531
 42 21  8059.57568
 42 22  25760.877
 42 23  4889.4873
 42 24  9098.58105
 42 25 -8875.45215
 42 26 -3814.19287
 42 27  34380.0117
 42 28  3884.20166
 42 29 -10.9749126
 42 30  4518.88379
 42 31  1320862.
 42 32  4236.51611
 42 33 -89555.625
 42 34  65545.9453
 42 35  7830.53027
 42 36  19478.9082
 42 37  34216.6133
 42 38  28183.3086
 42 39  40144.0508
 42 40  15662.8936
 42 41  28558.2461
 42 42  115338.656
 42 43  24925.7031
 42 44  5800.35596
 42 45  7401.82275
 43 1 -67782.5234
 43 2 -50206.4102
 43 3 -59116.25
 43 4  8638.44043
 43 5 -2285.81958
 43 6  11026.0068
 43 7  9254.45801
 43 8  3152.84985
 43 9 -279.860748
 43 10 -2188.41016
 43 11 -155.183685
 43 12 -562.953308
 43 13  3712.37451
 43 14  1943.03748
 43 15  1468.24329
 43 16 -338650.5
 43 17  40136.3555
 43 18 -40484.582
 43 19  57520.3945
 43 20  4816.29443
 43 21  20378.9062
 43 22  15547.6807
 43 23  11602.3125
 43 24  813.786438
 43 25 -7520.0752
 43 26 -2481.04028
 43 27  2668.84155
 43 28  20165.2109
 43 29  3680.14868
 43 30  1714.75427
 43 31 -608445.938
 43 32 -10253.4492
 43 33  14005.748
 43 34  108132.5
 43 35  33898.7969
 43 36  27906.5586
 43 37  22412.7422
 43 38  12517.4658
 43 39  6178.55322
 43 40  3109.24878
 43 41  8562.35449
 43 42  24925.7031
 43 43  85190.2969
 43 44  22306.4414
 43 45  9359.94824
 44 1  45661.1992
 44 2 -14114.9404
 44 3 -3797.44946
 44 4  12710.4102
 44 5  6256.45898
 44 6  3538.97363
 44 7  2894.28613
 44 8 -1184.10229
 44 9  1810.04517
 44 10 -218.035294
 44 11  19.8004227
 44 12 -551.432556
 44 13  645.687012
 44 14  2922.48584
 44 15  412.50882
 44 16  227480.141
 44 17  13187.1777
 44 18  83441.7109
 44 19  66154.4766
 44 20  2570.06689
 44 21 -2264.0896
 44 22 -444.780579
 44 23  8458.46582
 44 24  2740.43042
 44 25 -2819.85132
 44 26  834.866516
 44 27  1681.1969
 44 28  1318.30334
 44 29  14958.0977
 44 30  312.39151
 44 31  406021.594
 44 32 -8753.87402
 44 33 -2746.72485
 44 34  27802.7656
 44 35  4026.08081
 44 36  20191.1953
 44 37  4619.84619
 44 38  9160.51758
 44 39  4133.50293
 44 40  2797.44458
 44 41  5709.0083
 44 42  5800.35596
 44 43  22306.4414
 44 44  60641.8945
 44 45  16157.0732
 45 1 -6559.64648
 45 2 -42220.9609
 45 3 -217.25032
 45 4  11866.4854
 45 5  3052.62817
 45 6 -1092.28064
 45 7 -1709.64453
 45 8  1755.34265
 45 9  1015.4184
 45 10  1592.34961
 45 11  70.1716614
 45 12  12.1585798
 45 13  845.010132
 45 14 -284.902191
 45 15  1216.05139
 45 16 -33371.3906
 45 17 -16915.5625
 45 18  122193.828
 45 19  50459.9609
 45 20  4413.96777
 45 21  22644.6895
 45 22  3805.60449
 45 23  9045.10059
 45 24  1531.797
 45 25  1178.85144
 45 26  4575.41162
 45 27  5741.7168
 45 28  2212.63281
 45 29  1822.55261
 45 30  9576.35547
 45 31 -62415.9648
 45 32  58439.5508
 45 33  13846.3906
 45 34  19184.2891
 45 35  33215.4023
 45 36  19911.1797
 45 37  1917.85522
 45 38  16483.7402
 45 39  8414.20996
 45 40  9644.6084
 45 41  7787.07373
 45 42  7401.82275
 45 43  9359.94824
 45 44  16157.0732
 45 45  47243.4258