 1 1  92589144.
 1 2  6807962.5
 1 3 -334604.156
 1 4  550678.562
 1 5  539724.688
 1 6  55884.0234
 1 7  44481.168
 1 8 -7451.25439
 1 9  119631.555
 1 10  76916.8438
 1 11  10369.9482
 1 12  71923.4922
 1 13  46076.3203
 1 14  64342.5703
 1 15  5097.61084
 1 16  175126928.
 1 17 -3627990.25
 1 18 -2282886.
 1 19  23138.2402
 1 20  658979.562
 1 21  140265.625
 1 22 -254444.828
 1 23 -72348.3203
 1 24  112695.07
 1 25  216584.984
 1 26  195189.969
 1 27  114631.844
 1 28 -83871.4766
 1 29 -222007.484
 1 30 -98733.7578
 1 31  349040832.
 1 32  5288953.5
 1 33  2593269.5
 1 34  2860462.75
 1 35  2000885.5
 1 36  150268.953
 1 37 -366975.75
 1 38 -68705.0234
 1 39 -146989.344
 1 40  466316.875
 1 41 -111746.75
 1 42  162967.453
 1 43 -27687.3691
 1 44 -133484.734
 1 45  70791.8203
 2 1  6807962.5
 2 2  12925420.
 2 3  1297469.62
 2 4  303616.906
 2 5  179708.
 2 6  197082.438
 2 7  79382.7031
 2 8  39983.9336
 2 9  70957.1875
 2 10  26141.7168
 2 11  43095.793
 2 12  33209.0078
 2 13  22247.1289
 2 14  19023.2793
 2 15  25102.6914
 2 16  13616562.
 2 17  915319.5
 2 18  1024192.25
 2 19 -381507.875
 2 20  43111.668
 2 21  138874.953
 2 22  172580.953
 2 23  119190.953
 2 24  42154.3828
 2 25  113777.406
 2 26  38150.0156
 2 27  9425.62891
 2 28  34463.1641
 2 29 -29024.084
 2 30 -11988.7119
 2 31  32745762.
 2 32  7497008.5
 2 33 -431349.094
 2 34  213045.672
 2 35  279997.469
 2 36  282326.188
 2 37  166579.094
 2 38  44917.9648
 2 39  1420.87427
 2 40  39447.6133
 2 41  57855.418
 2 42  14802.3135
 2 43 -23161.2383
 2 44  19770.4844
 2 45  50545.3125
 3 1 -334604.156
 3 2  1297469.62
 3 3  2629543.5
 3 4  303606.656
 3 5  59084.9453
 3 6  62808.7148
 3 7  38292.2891
 3 8  21042.1816
 3 9  3647.27271
 3 10  23081.9824
 3 11  8098.77588
 3 12  1871.70325
 3 13  9173.69727
 3 14  4802.56836
 3 15  5631.72949
 3 16 -1491554.75
 3 17 -423459.094
 3 18  2739648.25
 3 19 -50204.7461
 3 20 -16623.5254
 3 21  38995.875
 3 22  53720.9258
 3 23  25405.0879
 3 24  54902.8438
 3 25 -27020.
 3 26  22957.1641
 3 27  7249.8457
 3 28  30058.7051
 3 29  13927.7324
 3 30  8389.11914
 3 31 -1528869.38
 3 32  1656381.5
 3 33  1007527.75
 3 34 -65972.5078
 3 35 -36882.0547
 3 36 -76432.7891
 3 37  35263.6914
 3 38  101121.922
 3 39  47100.3008
 3 40 -552.327759
 3 41  27859.4121
 3 42  8235.23535
 3 43 -6971.36133
 3 44 -17462.0039
 3 45  25305.3887
 4 1  550678.562
 4 2  303616.906
 4 3  303606.656
 4 4  932604.562
 4 5  153950.953
 4 6  5439.21777
 4 7  11345.2686
 4 8  659.791138
 4 9  9746.81152
 4 10  802.269836
 4 11 -5029.4248
 4 12  2457.29712
 4 13  6820.77783
 4 14  9771.89551
 4 15  4710.27979
 4 16  1446614.12
 4 17 -4876.31689
 4 18  533859.562
 4 19  757472.812
 4 20  128739.562
 4 21 -47293.1445
 4 22 -3169.41211
 4 23  16629.2852
 4 24  37970.6875
 4 25 -7435.70215
 4 26 -4367.98389
 4 27 -7437.90283
 4 28 -2162.57129
 4 29 -7850.61377
 4 30 -8631.04688
 4 31  4468986.5
 4 32  442678.875
 4 33  91719.375
 4 34  306135.594
 4 35 -56083.7812
 4 36 -94798.7109
 4 37  34930.9805
 4 38 -16980.2031
 4 39  7760.20264
 4 40  36664.2656
 4 41 -2271.28418
 4 42  8478.51465
 4 43  25396.168
 4 44  2611.24658
 4 45 -10836.0117
 5 1  539724.688
 5 2  179708.
 5 3  59084.9453
 5 4  153950.953
 5 5  309706.281
 5 6  43474.6289
 5 7  21400.0508
 5 8  1021.08289
 5 9  7690.47607
 5 10  4047.73096
 5 11  3183.88037
 5 12  4676.36719
 5 13  4656.50488
 5 14  5990.08252
 5 15  4967.24756
 5 16  1469041.75
 5 17  111062.328
 5 18  37552.3398
 5 19  131715.703
 5 20  240512.5
 5 21  3164.5061
 5 22  15394.8398
 5 23 -28610.8652
 5 24  13531.1914
 5 25 -4814.8999
 5 26  3508.55322
 5 27  814.232056
 5 28  3932.31274
 5 29 -1319.34546
 5 30 -956.256958
 5 31  1044665.38
 5 32 -143318.359
 5 33  225645.422
 5 34  70250.8516
 5 35  102017.781
 5 36 -7189.10205
 5 37 -6716.06689
 5 38 -11952.46
 5 39 -12176.3252
 5 40 -13691.5469
 5 41 -1193.76221
 5 42  1740.63281
 5 43  14485.3936
 5 44  2079.86548
 5 45 -5476.55859
 6 1  55884.0234
 6 2  197082.438
 6 3  62808.7148
 6 4  5439.21777
 6 5  43474.6289
 6 6  168598.719
 6 7  27339.5078
 6 8  7082.21533
 6 9  2803.74536
 6 10  1019.60254
 6 11  852.00415
 6 12  2674.72925
 6 13  1732.28882
 6 14  2920.28076
 6 15  3039.35352
 6 16  300656.969
 6 17  151938.281
 6 18  93298.0703
 6 19 -41796.1758
 6 20  52923.3906
 6 21  98550.3906
 6 22  11646.5361
 6 23 -983.63446
 6 24 -2229.93945
 6 25  8017.29199
 6 26  6182.05322
 6 27  5329.14795
 6 28  669.496582
 6 29  1286.30981
 6 30 -3102.37769
 6 31  358151.812
 6 32  54593.1445
 6 33  20880.1504
 6 34  3329.64038
 6 35  59902.9219
 6 36  53396.2422
 6 37 -22359.3574
 6 38  1426.70837
 6 39  4714.50439
 6 40  7846.35645
 6 41  3265.81128
 6 42  2850.62109
 6 43  78.7134857
 6 44  3456.20654
 6 45 -2060.83545
 7 1  44481.168
 7 2  79382.7031
 7 3  38292.2891
 7 4  11345.2686
 7 5  21400.0508
 7 6  27339.5078
 7 7  90401.1875
 7 8  14617.6758
 7 9  3356.6853
 7 10  4367.9126
 7 11  1374.93018
 7 12  2367.3562
 7 13 -999.526306
 7 14  2231.28589
 7 15  1802.01099
 7 16  950429.
 7 17 -74533.6172
 7 18 -6031.70459
 7 19  36031.3477
 7 20  6676.1167
 7 21 -1341.70056
 7 22  38994.5039
 7 23  6294.17822
 7 24  2854.05518
 7 25  7107.24658
 7 26 -732.756531
 7 27 -3046.03857
 7 28 -3277.40015
 7 29  182.370193
 7 30  3825.94946
 7 31  1116751.75
 7 32 -119229.133
 7 33 -36891.832
 7 34  36756.6641
 7 35  2037.79749
 7 36 -7339.61914
 7 37  26509.832
 7 38 -8634.83789
 7 39 -4904.85498
 7 40 -5529.59766
 7 41  2566.77319
 7 42  1104.91626
 7 43 -2853.96484
 7 44  1694.19495
 7 45  3382.20142
 8 1 -7451.25439
 8 2  39983.9336
 8 3  21042.1816
 8 4  659.791138
 8 5  1021.08289
 8 6  7082.21533
 8 7  14617.6758
 8 8  53899.0898
 8 9  5268.67725
 8 10  4769.70801
 8 11  3350.86255
 8 12  480.61795
 8 13  1959.72974
 8 14  1941.95081
 8 15  1818.87256
 8 16  107033.352
 8 17  764.145447
 8 18  5478.78271
 8 19 -17608.1309
 8 20  10653.1484
 8 21  1173.02734
 8 22  13534.3291
 8 23  33547.2461
 8 24 -3027.9939
 8 25  1575.3208
 8 26  505.481842
 8 27 -1321.43689
 8 28  1931.38831
 8 29  1116.64258
 8 30  255.754227
 8 31  490860.188
 8 32 -103931.75
 8 33  50499.1523
 8 34 -11235.0732
 8 35 -6442.11816
 8 36  8207.6377
 8 37 -5757.37549
 8 38  13984.751
 8 39 -3644.82544
 8 40 -6809.18604
 8 41  753.464661
 8 42  289.076172
 8 43  3537.77759
 8 44 -114.682106
 8 45  2622.63574
 9 1  119631.555
 9 2  70957.1875
 9 3  3647.27271
 9 4  9746.81152
 9 5  7690.47607
 9 6  2803.74536
 9 7  3356.6853
 9 8  5268.67725
 9 9  31148.6543
 9 10  5357.28857
 9 11  3191.45093
 9 12  1688.00195
 9 13  1878.90161
 9 14  2491.44653
 9 15  1108.61157
 9 16  184721.859
 9 17 -57396.3438
 9 18  1849.17639
 9 19 -2428.76831
 9 20  7283.9834
 9 21 -6898.62158
 9 22  12971.2617
 9 23  5427.78613
 9 24  11530.4043
 9 25  2252.66675
 9 26 -597.22406
 9 27 -1506.88843
 9 28 -2435.10889
 9 29  2478.97827
 9 30  292.667175
 9 31  410831.25
 9 32  124165.688
 9 33  20799.0156
 9 34  13563.8057
 9 35  18667.002
 9 36  6151.19043
 9 37  3205.54224
 9 38  2166.6499
 9 39  4417.85889
 9 40 -2787.9397
 9 41  1041.04871
 9 42  286.619598
 9 43 -405.420746
 9 44 -1090.90735
 9 45  2075.69702
 10 1  76916.8438
 10 2  26141.7168
 10 3  23081.9824
 10 4  802.269836
 10 5  4047.73096
 10 6  1019.60254
 10 7  4367.9126
 10 8  4769.70801
 10 9  5357.28857
 10 10  26477.9062
 10 11  4843.83008
 10 12  2687.62793
 10 13  1569.02515
 10 14  1488.83191
 10 15  701.551514
 10 16  4922.97852
 10 17 -31015.3887
 10 18  36376.0977
 10 19 -19645.8223
 10 20  18104.5098
 10 21 -8458.64258
 10 22  1355.29333
 10 23  4859.95605
 10 24  3019.28809
 10 25  13013.4619
 10 26  1140.71375
 10 27 -939.3526
 10 28  645.993408
 10 29  411.53775
 10 30  1014.2868
 10 31  269933.938
 10 32  4559.89307
 10 33 -27136.3711
 10 34 -35625.9141
 10 35  12571.2998
 10 36 -12580.2725
 10 37 -4903.96631
 10 38 -3586.97974
 10 39  3646.39087
 10 40  7004.74951
 10 41  740.442383
 10 42 -1281.44946
 10 43 -1413.86157
 10 44 -970.17627
 10 45  2130.50269
 11 1  10369.9482
 11 2  43095.793
 11 3  8098.77588
 11 4 -5029.4248
 11 5  3183.88037
 11 6  852.00415
 11 7  1374.93018
 11 8  3350.86255
 11 9  3191.45093
 11 10  4843.83008
 11 11  17148.7422
 11 12  3189.28735
 11 13  1593.71545
 11 14  2014.23596
 11 15  1307.14062
 11 16 -112989.047
 11 17  39037.9883
 11 18  22389.1641
 11 19 -15261.0312
 11 20  11933.9014
 11 21  1281.23999
 11 22  3467.46582
 11 23  3255.95264
 11 24  1457.36755
 11 25  3904.37622
 11 26  5708.38525
 11 27  1438.19019
 11 28 -249.80629
 11 29 -42.8219261
 11 30  472.021912
 11 31 -249412.328
 11 32 -2825.04565
 11 33  10324.3135
 11 34  13063.0605
 11 35  9312.24902
 11 36  4058.71997
 11 37  2037.03198
 11 38 -8289.00293
 11 39  2948.53613
 11 40  0.898580372
 11 41  4963.84668
 11 42 -2044.46082
 11 43  1965.41748
 11 44 -1058.5083
 11 45  2618.6626
 12 1  71923.4922
 12 2  33209.0078
 12 3  1871.70325
 12 4  2457.29712
 12 5  4676.36719
 12 6  2674.72925
 12 7  2367.3562
 12 8  480.61795
 12 9  1688.00195
 12 10  2687.62793
 12 11  3189.28735
 12 12  13190.6045
 12 13  2253.14331
 12 14  2256.25049
 12 15  1184.36462
 12 16  187118.719
 12 17  6415.25684
 12 18 -19411.6504
 12 19 -5786.89502
 12 20  1122.35608
 12 21 -3190.97144
 12 22  6300.31445
 12 23  1269.47778
 12 24  4798.83984
 12 25  2135.78271
 12 26  7.33893204
 12 27  3456.5105
 12 28 -270.074493
 12 29 -235.185349
 12 30 -989.232178
 12 31  98443.2266
 12 32 -66968.5781
 12 33 -654.519653
 12 34  14165.0518
 12 35  13380.1514
 12 36  7762.43506
 12 37  3364.15161
 12 38 -4878.70605
 12 39  206.200424
 12 40 -425.315979
 12 41 -92.0772247
 12 42  2058.13599
 12 43 -2776.71021
 12 44  225.372711
 12 45  1284.83093
 13 1  46076.3203
 13 2  22247.1289
 13 3  9173.69727
 13 4  6820.77783
 13 5  4656.50488
 13 6  1732.28882
 13 7 -999.526306
 13 8  1959.72974
 13 9  1878.90161
 13 10  1569.02515
 13 11  1593.71545
 13 12  2253.14331
 13 13  9996.87207
 13 14  2107.73022
 13 15  1259.57532
 13 16 -4001.97485
 13 17 -91711.7734
 13 18 -289.947113
 13 19  17249.8965
 13 20  10713.1543
 13 21  2597.47778
 13 22 -737.294434
 13 23  3259.79956
 13 24  2808.1416
 13 25  1475.59778
 13 26 -111.837791
 13 27  2375.08081
 13 28  6644.7373
 13 29  140.272583
 13 30  236.554779
 13 31 -73759.4375
 13 32  67530.5938
 13 33 -4287.40576
 13 34  17349.4824
 13 35  13806.4697
 13 36  7458.11768
 13 37  2149.02832
 13 38  5301.99072
 13 39  2233.85889
 13 40  1652.14954
 13 41 -656.151184
 13 42  167.672852
 13 43  2406.23486
 13 44  1082.57068
 13 45  1091.80408
 14 1  64342.5703
 14 2  19023.2793
 14 3  4802.56836
 14 4  9771.89551
 14 5  5990.08252
 14 6  2920.28076
 14 7  2231.28589
 14 8  1941.95081
 14 9  2491.44653
 14 10  1488.83191
 14 11  2014.23596
 14 12  2256.25049
 14 13  2107.73022
 14 14  8237.65137
 14 15  2202.41992
 14 16  25360.4863
 14 17 -44884.1445
 14 18  3070.73364
 14 19 -4020.69116
 14 20  7402.48486
 14 21 -2131.58105
 14 22  1456.66626
 14 23  558.971375
 14 24  2319.35889
 14 25  556.781433
 14 26 -395.542328
 14 27 -144.297592
 14 28  873.171814
 14 29  2821.31348
 14 30  82.5265274
 14 31 -52776.5078
 14 32 -17997.6953
 14 33  17035.3906
 14 34 -20653.9316
 14 35  7216.89941
 14 36 -1187.71497
 14 37 -3485.65332
 14 38 -3200.99951
 14 39 -758.228699
 14 40 -506.153839
 14 41  1460.02344
 14 42  257.874329
 14 43  757.949646
 14 44  2003.57507
 14 45  1127.19885
 15 1  5097.61084
 15 2  25102.6914
 15 3  5631.72949
 15 4  4710.27979
 15 5  4967.24756
 15 6  3039.35352
 15 7  1802.01099
 15 8  1818.87256
 15 9  1108.61157
 15 10  701.551514
 15 11  1307.14062
 15 12  1184.36462
 15 13  1259.57532
 15 14  2202.41992
 15 15  6440.56934
 15 16 -79168.0234
 15 17 -68135.5781
 15 18 -11086.4316
 15 19 -9751.83203
 15 20 -2070.43335
 15 21 -3013.73511
 15 22 -1380.72229
 15 23 -1570.84717
 15 24  965.375183
 15 25 -1339.10242
 15 26 -313.112427
 15 27 -435.928162
 15 28  900.9104
 15 29  318.338593
 15 30  2846.78394
 15 31 -77481.6641
 15 32  2298.4126
 15 33  4905.3374
 15 34  7063.43994
 15 35  2490.7251
 15 36 -6512.4624
 15 37 -4766.74512
 15 38 -791.300354
 15 39  1655.42749
 15 40 -1009.97363
 15 41 -1443.85706
 15 42 -191.896271
 15 43 -342.966644
 15 44  651.446472
 15 45  1690.07068
 16 1  175126928.
 16 2  13616562.
 16 3 -1491554.75
 16 4  1446614.12
 16 5  1469041.75
 16 6  300656.969
 16 7  950429.
 16 8  107033.352
 16 9  184721.859
 16 10  4922.97852
 16 11 -112989.047
 16 12  187118.719
 16 13 -4001.97485
 16 14  25360.4863
 16 15 -79168.0234
 16 16  979217344.
 16 17  20041274.
 16 18 -5133394.
 16 19  2508337.5
 16 20 -93654.0312
 16 21  430173.625
 16 22 -607362.75
 16 23  373775.375
 16 24  617600.562
 16 25  365250.844
 16 26  145883.062
 16 27 -114825.641
 16 28 -443828.219
 16 29 -635965.625
 16 30 -276299.531
 16 31  1.34459341E+09
 16 32  10676651.
 16 33  2396858.5
 16 34  7218721.
 16 35  3972720.5
 16 36  2493500.
 16 37  476580.
 16 38 -232215.547
 16 39 -512694.062
 16 40  790108.625
 16 41 -150939.719
 16 42  410157.688
 16 43  223391.031
 16 44  371766.344
 16 45  85901.3281
 17 1 -3627990.25
 17 2  915319.5
 17 3 -423459.094
 17 4 -4876.31689
 17 5  111062.328
 17 6  151938.281
 17 7 -74533.6172
 17 8  764.145447
 17 9 -57396.3438
 17 10 -31015.3887
 17 11  39037.9883
 17 12  6415.25684
 17 13 -91711.7734
 17 14 -44884.1445
 17 15 -68135.5781
 17 16  20041274.
 17 17  71280256.
 17 18  4913844.5
 17 19 -219559.359
 17 20  183181.156
 17 21  615678.5
 17 22  208682.281
 17 23 -3424.0625
 17 24  226002.547
 17 25  75782.9531
 17 26 -5497.73291
 17 27  146895.984
 17 28 -82231.5859
 17 29  59208.5312
 17 30 -17128.6094
 17 31  14152023.
 17 32  10671065.
 17 33 -5284095.5
 17 34 -498443.125
 17 35 -569202.938
 17 36  5325.58984
 17 37  202099.797
 17 38 -194365.516
 17 39 -91366.3672
 17 40 -200224.391
 17 41  53261.8828
 17 42 -32600.5898
 17 43  43860.4062
 17 44  16537.1953
 17 45 -123894.336
 18 1 -2282886.
 18 2  1024192.25
 18 3  2739648.25
 18 4  533859.562
 18 5  37552.3398
 18 6  93298.0703
 18 7 -6031.70459
 18 8  5478.78271
 18 9  1849.17639
 18 10  36376.0977
 18 11  22389.1641
 18 12 -19411.6504
 18 13 -289.947113
 18 14  3070.73364
 18 15 -11086.4316
 18 16 -5133394.
 18 17  4913844.5
 18 18  17884630.
 18 19  1370594.
 18 20  213405.125
 18 21 -102367.18
 18 22  193078.75
 18 23  75360.2969
 18 24  102262.93
 18 25  32853.793
 18 26  74901.5859
 18 27  59573.9492
 18 28  41999.9453
 18 29  70875.8359
 18 30  26456.7246
 18 31 -7166498.5
 18 32  4597529.
 18 33  3143702.25
 18 34 -508768.875
 18 35 -452434.375
 18 36 -184854.922
 18 37  113955.438
 18 38  186611.703
 18 39  132242.969
 18 40  155379.531
 18 41 -19246.877
 18 42  36537.1133
 18 43  42008.5898
 18 44 -28772.3379
 18 45 -30956.5703
 19 1  23138.2402
 19 2 -381507.875
 19 3 -50204.7461
 19 4  757472.812
 19 5  131715.703
 19 6 -41796.1758
 19 7  36031.3477
 19 8 -17608.1309
 19 9 -2428.76831
 19 10 -19645.8223
 19 11 -15261.0312
 19 12 -5786.89502
 19 13  17249.8965
 19 14 -4020.69116
 19 15 -9751.83203
 19 16  2508337.5
 19 17 -219559.359
 19 18  1370594.
 19 19  6012241.5
 19 20  843490.438
 19 21  249176.859
 19 22  110004.703
 19 23  105154.211
 19 24  106138.617
 19 25  105959.25
 19 26  55022.9688
 19 27  64141.7305
 19 28 -3129.00098
 19 29  34067.3281
 19 30  19182.0234
 19 31  4422038.
 19 32  180071.969
 19 33  645059.625
 19 34  2148683.5
 19 35 -42314.9414
 19 36  175287.469
 19 37  166702.203
 19 38  75355.9688
 19 39 -7875.06201
 19 40  117908.492
 19 41  33731.9961
 19 42  52481.2812
 19 43  21952.6895
 19 44 -25220.4727
 19 45 -26258.7871
 20 1  658979.562
 20 2  43111.668
 20 3 -16623.5254
 20 4  128739.562
 20 5  240512.5
 20 6  52923.3906
 20 7  6676.1167
 20 8  10653.1484
 20 9  7283.9834
 20 10  18104.5098
 20 11  11933.9014
 20 12  1122.35608
 20 13  10713.1543
 20 14  7402.48486
 20 15 -2070.43335
 20 16 -93654.0312
 20 17  183181.156
 20 18  213405.125
 20 19  843490.438
 20 20  2246822.5
 20 21  269379.531
 20 22  47237.5156
 20 23  58597.457
 20 24  51197.3203
 20 25  106922.188
 20 26  48149.7969
 20 27  23659.8281
 20 28  15046.8232
 20 29  17618.4453
 20 30  9192.66406
 20 31 -1448279.38
 20 32 -133964.312
 20 33 -59439.7461
 20 34  230941.641
 20 35  762001.562
 20 36 -67979.0312
 20 37  30196.3809
 20 38  61883.7188
 20 39 -1208.90601
 20 40  67091.3828
 20 41  11699.2266
 20 42  12601.5264
 20 43  34104.2812
 20 44 -40882.2422
 20 45  597.604431
 21 1  140265.625
 21 2  138874.953
 21 3  38995.875
 21 4 -47293.1445
 21 5  3164.5061
 21 6  98550.3906
 21 7 -1341.70056
 21 8  1173.02734
 21 9 -6898.62158
 21 10 -8458.64258
 21 11  1281.23999
 21 12 -3190.97144
 21 13  2597.47778
 21 14 -2131.58105
 21 15 -3013.73511
 21 16  430173.625
 21 17  615678.5
 21 18 -102367.18
 21 19  249176.859
 21 20  269379.531
 21 21  949448.062
 21 22  99940.0391
 21 23  34681.375
 21 24  29305.7969
 21 25  19341.416
 21 26  19223.6406
 21 27  22509.5254
 21 28  4513.09082
 21 29  5118.93604
 21 30  6184.08496
 21 31  976480.875
 21 32 -200983.531
 21 33  23109.1602
 21 34  144972.766
 21 35  202886.312
 21 36  244915.891
 21 37 -10462.9023
 21 38  60650.7891
 21 39  22158.375
 21 40  28611.4746
 21 41  29960.2441
 21 42  22673.8496
 21 43  1811.67944
 21 44 -8851.57031
 21 45 -8239.10449
 22 1 -254444.828
 22 2  172580.953
 22 3  53720.9258
 22 4 -3169.41211
 22 5  15394.8398
 22 6  11646.5361
 22 7  38994.5039
 22 8  13534.3291
 22 9  12971.2617
 22 10  1355.29333
 22 11  3467.46582
 22 12  6300.31445
 22 13 -737.294434
 22 14  1456.66626
 22 15 -1380.72229
 22 16 -607362.75
 22 17  208682.281
 22 18  193078.75
 22 19  110004.703
 22 20  47237.5156
 22 21  99940.0391
 22 22  537848.562
 22 23  83898.5
 22 24  20822.3867
 22 25  26090.3203
 22 26  32592.4082
 22 27  9020.51367
 22 28 -7736.85205
 22 29  1805.14673
 22 30 -10573.8516
 22 31 -734338.375
 22 32  431134.375
 22 33 -156586.094
 22 34  160523.594
 22 35  55880.9297
 22 36  29444.2617
 22 37  151901.734
 22 38 -4585.05078
 22 39 -12150.9092
 22 40  26233.8711
 22 41  2329.21436
 22 42  14764.6953
 22 43  8406.5498
 22 44  3593.19067
 22 45  5299.06885
 23 1 -72348.3203
 23 2  119190.953
 23 3  25405.0879
 23 4  16629.2852
 23 5 -28610.8652
 23 6 -983.63446
 23 7  6294.17822
 23 8  33547.2461
 23 9  5427.78613
 23 10  4859.95605
 23 11  3255.95264
 23 12  1269.47778
 23 13  3259.79956
 23 14  558.971375
 23 15 -1570.84717
 23 16  373775.375
 23 17 -3424.0625
 23 18  75360.2969
 23 19  105154.211
 23 20  58597.457
 23 21  34681.375
 23 22  83898.5
 23 23  339623.312
 23 24  44168.7734
 23 25  15046.8965
 23 26  15389.4248
 23 27  13943.2227
 23 28 -4837.36475
 23 29  6553.06543
 23 30  336.599274
 23 31  883197.375
 23 32 -397797.281
 23 33  22829.0195
 23 34  61120.1211
 23 35  56776.0039
 23 36  47301.543
 23 37  42487.832
 23 38  87522.3359
 23 39  15431.5703
 23 40  1287.86072
 23 41  21395.082
 23 42  11393.8428
 23 43 -5858.44336
 23 44  3224.27539
 23 45 -8070.32422
 24 1  112695.07
 24 2  42154.3828
 24 3  54902.8438
 24 4  37970.6875
 24 5  13531.1914
 24 6 -2229.93945
 24 7  2854.05518
 24 8 -3027.9939
 24 9  11530.4043
 24 10  3019.28809
 24 11  1457.36755
 24 12  4798.83984
 24 13  2808.1416
 24 14  2319.35889
 24 15  965.375183
 24 16  617600.562
 24 17  226002.547
 24 18  102262.93
 24 19  106138.617
 24 20  51197.3203
 24 21  29305.7969
 24 22  20822.3867
 24 23  44168.7734
 24 24  200248.547
 24 25  38671.7266
 24 26  16116.7451
 24 27  12846.6885
 24 28  1136.51855
 24 29  7766.51221
 24 30  418.684357
 24 31  1501111.88
 24 32  3095.95093
 24 33 -51621.3828
 24 34  33761.1641
 24 35  3912.85278
 24 36  32107.6953
 24 37  48179.6992
 24 38  27961.9688
 24 39  58419.1836
 24 40  7451.99658
 24 41  13852.668
 24 42 -3777.1709
 24 43  1882.47583
 24 44 -2791.1416
 24 45 -7603.75928
 25 1  216584.984
 25 2  113777.406
 25 3 -27020.
 25 4 -7435.70215
 25 5 -4814.8999
 25 6  8017.29199
 25 7  7107.24658
 25 8  1575.3208
 25 9  2252.66675
 25 10  13013.4619
 25 11  3904.37622
 25 12  2135.78271
 25 13  1475.59778
 25 14  556.781433
 25 15 -1339.10242
 25 16  365250.844
 25 17  75782.9531
 25 18  32853.793
 25 19  105959.25
 25 20  106922.188
 25 21  19341.416
 25 22  26090.3203
 25 23  15046.8965
 25 24  38671.7266
 25 25  148803.75
 25 26  24449.0234
 25 27  5678.18066
 25 28  7729.95801
 25 29  4241.65771
 25 30 -1096.97595
 25 31  1170595.25
 25 32 -174213.312
 25 33 -31816.957
 25 34  46235.8672
 25 35  51571.2734
 25 36  43986.0898
 25 37  18035.3398
 25 38 -488.700684
 25 39  26113.6406
 25 40  40913.2969
 25 41 -473.005066
 25 42  2066.04858
 25 43 -4300.6499
 25 44 -1432.90125
 25 45  3707.9895
 26 1  195189.969
 26 2  38150.0156
 26 3  22957.1641
 26 4 -4367.98389
 26 5  3508.55322
 26 6  6182.05322
 26 7 -732.756531
 26 8  505.481842
 26 9 -597.22406
 26 10  1140.71375
 26 11  5708.38525
 26 12  7.33893204
 26 13 -111.837791
 26 14 -395.542328
 26 15 -313.112427
 26 16  145883.062
 26 17 -5497.73291
 26 18  74901.5859
 26 19  55022.9688
 26 20  48149.7969
 26 21  19223.6406
 26 22  32592.4082
 26 23  15389.4248
 26 24  16116.7451
 26 25  24449.0234
 26 26  94692.8047
 26 27  18430.9648
 26 28  7730.07227
 26 29  2312.2417
 26 30  2477.48608
 26 31  640891.375
 26 32 -73894.3438
 26 33  64075.2148
 26 34  34451.3438
 26 35  14621.3662
 26 36  18916.0762
 26 37  9254.81055
 26 38  13974.6895
 26 39 -1327.98926
 26 40  6813.20117
 26 41  18505.4258
 26 42  1613.43323
 26 43  1804.36792
 26 44 -754.64325
 26 45 -2842.14404
 27 1  114631.844
 27 2  9425.62891
 27 3  7249.8457
 27 4 -7437.90283
 27 5  814.232056
 27 6  5329.14795
 27 7 -3046.03857
 27 8 -1321.43689
 27 9 -1506.88843
 27 10 -939.3526
 27 11  1438.19019
 27 12  3456.5105
 27 13  2375.08081
 27 14 -144.297592
 27 15 -435.928162
 27 16 -114825.641
 27 17  146895.984
 27 18  59573.9492
 27 19  64141.7305
 27 20  23659.8281
 27 21  22509.5254
 27 22  9020.51367
 27 23  13943.2227
 27 24  12846.6885
 27 25  5678.18066
 27 26  18430.9648
 27 27  72553.1016
 27 28  10574.8525
 27 29  4750.44873
 27 30  1156.12048
 27 31  39864.4805
 27 32 -53420.0273
 27 33  62967.8086
 27 34  26022.6973
 27 35  39035.9336
 27 36  25893.6934
 27 37  4171.69092
 27 38  6855.32227
 27 39  2261.52515
 27 40  5196.57666
 27 41  2164.22021
 27 42  25358.7656
 27 43  212.172623
 27 44 -2724.39722
 27 45  3977.9436
 28 1 -83871.4766
 28 2  34463.1641
 28 3  30058.7051
 28 4 -2162.57129
 28 5  3932.31274
 28 6  669.496582
 28 7 -3277.40015
 28 8  1931.38831
 28 9 -2435.10889
 28 10  645.993408
 28 11 -249.80629
 28 12 -270.074493
 28 13  6644.7373
 28 14  873.171814
 28 15  900.9104
 28 16 -443828.219
 28 17 -82231.5859
 28 18  41999.9453
 28 19 -3129.00098
 28 20  15046.8232
 28 21  4513.09082
 28 22 -7736.85205
 28 23 -4837.36475
 28 24  1136.51855
 28 25  7729.95801
 28 26  7730.07227
 28 27  10574.8525
 28 28  53346.7344
 28 29  4939.46533
 28 30  3739.77246
 28 31 -885215.312
 28 32  94251.5234
 28 33  74632.7578
 28 34 -4618.6709
 28 35  14468.3867
 28 36  14121.6523
 28 37 -5632.20508
 28 38  6824.07568
 28 39  145.133911
 28 40  6555.46045
 28 41  1294.48462
 28 42 -2431.42993
 28 43  11016.6602
 28 44 -1480.70801
 28 45  2612.23242
 29 1 -222007.484
 29 2 -29024.084
 29 3  13927.7324
 29 4 -7850.61377
 29 5 -1319.34546
 29 6  1286.30981
 29 7  182.370193
 29 8  1116.64258
 29 9  2478.97827
 29 10  411.53775
 29 11 -42.8219261
 29 12 -235.185349
 29 13  140.272583
 29 14  2821.31348
 29 15  318.338593
 29 16 -635965.625
 29 17  59208.5312
 29 18  70875.8359
 29 19  34067.3281
 29 20  17618.4453
 29 21  5118.93604
 29 22  1805.14673
 29 23  6553.06543
 29 24  7766.51221
 29 25  4241.65771
 29 26  2312.2417
 29 27  4750.44873
 29 28  4939.46533
 29 29  44210.3359
 29 30  7330.2876
 29 31 -1031606.19
 29 32  90836.1328
 29 33 -9186.11914
 29 34 -48991.7578
 29 35  7662.40576
 29 36  3267.92017
 29 37  2567.2688
 29 38 -5584.73975
 29 39  3284.21069
 29 40  1751.52722
 29 41  5932.79688
 29 42  6151.57959
 29 43  2777.03589
 29 44  9781.57227
 29 45  1649.05469
 30 1 -98733.7578
 30 2 -11988.7119
 30 3  8389.11914
 30 4 -8631.04688
 30 5 -956.256958
 30 6 -3102.37769
 30 7  3825.94946
 30 8  255.754227
 30 9  292.667175
 30 10  1014.2868
 30 11  472.021912
 30 12 -989.232178
 30 13  236.554779
 30 14  82.5265274
 30 15  2846.78394
 30 16 -276299.531
 30 17 -17128.6094
 30 18  26456.7246
 30 19  19182.0234
 30 20  9192.66406
 30 21  6184.08496
 30 22 -10573.8516
 30 23  336.599274
 30 24  418.684357
 30 25 -1096.97595
 30 26  2477.48608
 30 27  1156.12048
 30 28  3739.77246
 30 29  7330.2876
 30 30  35057.4688
 30 31 -597703.75
 30 32  58153.5977
 30 33 -13738.6367
 30 34 -37838.0234
 30 35 -14217.7314
 30 36  2049.16455
 30 37 -72.2776184
 30 38 -8907.69141
 30 39 -449.111633
 30 40 -4480.8501
 30 41 -2839.84253
 30 42  2431.92725
 30 43  2277.95483
 30 44  2531.89966
 30 45  7629.94775
 31 1  349040832.
 31 2  32745762.
 31 3 -1528869.38
 31 4  4468986.5
 31 5  1044665.38
 31 6  358151.812
 31 7  1116751.75
 31 8  490860.188
 31 9  410831.25
 31 10  269933.938
 31 11 -249412.328
 31 12  98443.2266
 31 13 -73759.4375
 31 14 -52776.5078
 31 15 -77481.6641
 31 16  1.34459341E+09
 31 17  14152023.
 31 18 -7166498.5
 31 19  4422038.
 31 20 -1448279.38
 31 21  976480.875
 31 22 -734338.375
 31 23  883197.375
 31 24  1501111.88
 31 25  1170595.25
 31 26  640891.375
 31 27  39864.4805
 31 28 -885215.312
 31 29 -1031606.19
 31 30 -597703.75
 31 31  2.68377933E+09
 31 32  77585288.
 31 33  11523771.
 31 34  18678472.
 31 35  6866171.
 31 36  1535009.38
 31 37  499458.812
 31 38 -351845.562
 31 39 -527871.812
 31 40  1437166.38
 31 41 -337049.781
 31 42  829931.375
 31 43  179846.156
 31 44 -51713.0508
 31 45  106731.711
 32 1  5288953.5
 32 2  7497008.5
 32 3  1656381.5
 32 4  442678.875
 32 5 -143318.359
 32 6  54593.1445
 32 7 -119229.133
 32 8 -103931.75
 32 9  124165.688
 32 10  4559.89307
 32 11 -2825.04565
 32 12 -66968.5781
 32 13  67530.5938
 32 14 -17997.6953
 32 15  2298.4126
 32 16  10676651.
 32 17  10671065.
 32 18  4597529.
 32 19  180071.969
 32 20 -133964.312
 32 21 -200983.531
 32 22  431134.375
 32 23 -397797.281
 32 24  3095.95093
 32 25 -174213.312
 32 26 -73894.3438
 32 27 -53420.0273
 32 28  94251.5234
 32 29  90836.1328
 32 30  58153.5977
 32 31  77585288.
 32 32  144033040.
 32 33  4043798.75
 32 34  255457.516
 32 35 -1153939.5
 32 36 -66196.875
 32 37  804041.25
 32 38  368845.938
 32 39 -398854.031
 32 40 -120876.375
 32 41  124855.398
 32 42  83303.1719
 32 43  206982.5
 32 44 -3460.61426
 32 45  37865.8984
 33 1  2593269.5
 33 2 -431349.094
 33 3  1007527.75
 33 4  91719.375
 33 5  225645.422
 33 6  20880.1504
 33 7 -36891.832
 33 8  50499.1523
 33 9  20799.0156
 33 10 -27136.3711
 33 11  10324.3135
 33 12 -654.519653
 33 13 -4287.40576
 33 14  17035.3906
 33 15  4905.3374
 33 16  2396858.5
 33 17 -5284095.5
 33 18  3143702.25
 33 19  645059.625
 33 20 -59439.7461
 33 21  23109.1602
 33 22 -156586.094
 33 23  22829.0195
 33 24 -51621.3828
 33 25 -31816.957
 33 26  64075.2148
 33 27  62967.8086
 33 28  74632.7578
 33 29 -9186.11914
 33 30 -13738.6367
 33 31  11523771.
 33 32  4043798.75
 33 33  23932132.
 33 34  1264595.88
 33 35  592867.
 33 36  456746.906
 33 37 -110229.117
 33 38  109528.781
 33 39 -59219.3164
 33 40  162694.188
 33 41  168521.781
 33 42  62535.7578
 33 43  32096.5957
 33 44 -9090.76074
 33 45 -35095.3047
 34 1  2860462.75
 34 2  213045.672
 34 3 -65972.5078
 34 4  306135.594
 34 5  70250.8516
 34 6  3329.64038
 34 7  36756.6641
 34 8 -11235.0732
 34 9  13563.8057
 34 10 -35625.9141
 34 11  13063.0605
 34 12  14165.0518
 34 13  17349.4824
 34 14 -20653.9316
 34 15  7063.43994
 34 16  7218721.
 34 17 -498443.125
 34 18 -508768.875
 34 19  2148683.5
 34 20  230941.641
 34 21  144972.766
 34 22  160523.594
 34 23  61120.1211
 34 24  33761.1641
 34 25  46235.8672
 34 26  34451.3438
 34 27  26022.6973
 34 28 -4618.6709
 34 29 -48991.7578
 34 30 -37838.0234
 34 31  18678472.
 34 32  255457.516
 34 33  1264595.88
 34 34  9718378.
 34 35  625980.188
 34 36  198964.406
 34 37  274805.938
 34 38 -17309.8926
 34 39  23055.4863
 34 40 -24570.7852
 34 41 -53098.0586
 34 42  3795.99683
 34 43  31073.7656
 34 44 -19645.7051
 34 45 -9213.58008
 35 1  2000885.5
 35 2  279997.469
 35 3 -36882.0547
 35 4 -56083.7812
 35 5  102017.781
 35 6  59902.9219
 35 7  2037.79749
 35 8 -6442.11816
 35 9  18667.002
 35 10  12571.2998
 35 11  9312.24902
 35 12  13380.1514
 35 13  13806.4697
 35 14  7216.89941
 35 15  2490.7251
 35 16  3972720.5
 35 17 -569202.938
 35 18 -452434.375
 35 19 -42314.9414
 35 20  762001.562
 35 21  202886.312
 35 22  55880.9297
 35 23  56776.0039
 35 24  3912.85278
 35 25  51571.2734
 35 26  14621.3662
 35 27  39035.9336
 35 28  14468.3867
 35 29  7662.40576
 35 30 -14217.7314
 35 31  6866171.
 35 32 -1153939.5
 35 33  592867.
 35 34  625980.188
 35 35  3652759.75
 35 36  284379.562
 35 37  57358.5391
 35 38  143919.625
 35 39 -32320.6191
 35 40  93189.25
 35 41  26385.6641
 35 42  42776.7773
 35 43  49103.9727
 35 44  24463.1875
 35 45  36851.625
 36 1  150268.953
 36 2  282326.188
 36 3 -76432.7891
 36 4 -94798.7109
 36 5 -7189.10205
 36 6  53396.2422
 36 7 -7339.61914
 36 8  8207.6377
 36 9  6151.19043
 36 10 -12580.2725
 36 11  4058.71997
 36 12  7762.43506
 36 13  7458.11768
 36 14 -1187.71497
 36 15 -6512.4624
 36 16  2493500.
 36 17  5325.58984
 36 18 -184854.922
 36 19  175287.469
 36 20 -67979.0312
 36 21  244915.891
 36 22  29444.2617
 36 23  47301.543
 36 24  32107.6953
 36 25  43986.0898
 36 26  18916.0762
 36 27  25893.6934
 36 28  14121.6523
 36 29  3267.92017
 36 30  2049.16455
 36 31  1535009.38
 36 32 -66196.875
 36 33  456746.906
 36 34  198964.406
 36 35  284379.562
 36 36  1667822.25
 36 37  180060.453
 36 38  87567.3359
 36 39  68800.5156
 36 40  37577.0898
 36 41  46660.9336
 36 42  19613.1895
 36 43  2222.09497
 36 44  21418.3301
 36 45  20694.4668
 37 1 -366975.75
 37 2  166579.094
 37 3  35263.6914
 37 4  34930.9805
 37 5 -6716.06689
 37 6 -22359.3574
 37 7  26509.832
 37 8 -5757.37549
 37 9  3205.54224
 37 10 -4903.96631
 37 11  2037.03198
 37 12  3364.15161
 37 13  2149.02832
 37 14 -3485.65332
 37 15 -4766.74512
 37 16  476580.
 37 17  202099.797
 37 18  113955.438
 37 19  166702.203
 37 20  30196.3809
 37 21 -10462.9023
 37 22  151901.734
 37 23  42487.832
 37 24  48179.6992
 37 25  18035.3398
 37 26  9254.81055
 37 27  4171.69092
 37 28 -5632.20508
 37 29  2567.2688
 37 30 -72.2776184
 37 31  499458.812
 37 32  804041.25
 37 33 -110229.117
 37 34  274805.938
 37 35  57358.5391
 37 36  180060.453
 37 37  874696.688
 37 38  138068.438
 37 39  14979.5938
 37 40  14044.9326
 37 41  12030.0254
 37 42  19402.9688
 37 43 -17977.4922
 37 44 -13010.6455
 37 45 -17418.1875
 38 1 -68705.0234
 38 2  44917.9648
 38 3  101121.922
 38 4 -16980.2031
 38 5 -11952.46
 38 6  1426.70837
 38 7 -8634.83789
 38 8  13984.751
 38 9  2166.6499
 38 10 -3586.97974
 38 11 -8289.00293
 38 12 -4878.70605
 38 13  5301.99072
 38 14 -3200.99951
 38 15 -791.300354
 38 16 -232215.547
 38 17 -194365.516
 38 18  186611.703
 38 19  75355.9688
 38 20  61883.7188
 38 21  60650.7891
 38 22 -4585.05078
 38 23  87522.3359
 38 24  27961.9688
 38 25 -488.700684
 38 26  13974.6895
 38 27  6855.32227
 38 28  6824.07568
 38 29 -5584.73975
 38 30 -8907.69141
 38 31 -351845.562
 38 32  368845.938
 38 33  109528.781
 38 34 -17309.8926
 38 35  143919.625
 38 36  87567.3359
 38 37  138068.438
 38 38  550235.938
 38 39  45784.5586
 38 40  11372.21
 38 41  1645.20569
 38 42  21115.8145
 38 43 -16870.2305
 38 44 -1200.78259
 38 45 -12784.5137
 39 1 -146989.344
 39 2  1420.87427
 39 3  47100.3008
 39 4  7760.20264
 39 5 -12176.3252
 39 6  4714.50439
 39 7 -4904.85498
 39 8 -3644.82544
 39 9  4417.85889
 39 10  3646.39087
 39 11  2948.53613
 39 12  206.200424
 39 13  2233.85889
 39 14 -758.228699
 39 15  1655.42749
 39 16 -512694.062
 39 17 -91366.3672
 39 18  132242.969
 39 19 -7875.06201
 39 20 -1208.90601
 39 21  22158.375
 39 22 -12150.9092
 39 23  15431.5703
 39 24  58419.1836
 39 25  26113.6406
 39 26 -1327.98926
 39 27  2261.52515
 39 28  145.133911
 39 29  3284.21069
 39 30 -449.111633
 39 31 -527871.812
 39 32 -398854.031
 39 33 -59219.3164
 39 34  23055.4863
 39 35 -32320.6191
 39 36  68800.5156
 39 37  14979.5938
 39 38  45784.5586
 39 39  351504.094
 39 40  51087.6719
 39 41  23746.0957
 39 42  10317.334
 39 43 -4003.18213
 39 44  6665.73926
 39 45  2555.61719
 40 1  466316.875
 40 2  39447.6133
 40 3 -552.327759
 40 4  36664.2656
 40 5 -13691.5469
 40 6  7846.35645
 40 7 -5529.59766
 40 8 -6809.18604
 40 9 -2787.9397
 40 10  7004.74951
 40 11  0.898580372
 40 12 -425.315979
 40 13  1652.14954
 40 14 -506.153839
 40 15 -1009.97363
 40 16  790108.625
 40 17 -200224.391
 40 18  155379.531
 40 19  117908.492
 40 20  67091.3828
 40 21  28611.4746
 40 22  26233.8711
 40 23  1287.86072
 40 24  7451.99658
 40 25  40913.2969
 40 26  6813.20117
 40 27  5196.57666
 40 28  6555.46045
 40 29  1751.52722
 40 30 -4480.8501
 40 31  1437166.38
 40 32 -120876.375
 40 33  162694.188
 40 34 -24570.7852
 40 35  93189.25
 40 36  37577.0898
 40 37  14044.9326
 40 38  11372.21
 40 39  51087.6719
 40 40  262091.047
 40 41  43801.5312
 40 42  1380.61572
 40 43  10520.6416
 40 44  7163.31787
 40 45 -627.749695
 41 1 -111746.75
 41 2  57855.418
 41 3  27859.4121
 41 4 -2271.28418
 41 5 -1193.76221
 41 6  3265.81128
 41 7  2566.77319
 41 8  753.464661
 41 9  1041.04871
 41 10  740.442383
 41 11  4963.84668
 41 12 -92.0772247
 41 13 -656.151184
 41 14  1460.02344
 41 15 -1443.85706
 41 16 -150939.719
 41 17  53261.8828
 41 18 -19246.877
 41 19  33731.9961
 41 20  11699.2266
 41 21  29960.2441
 41 22  2329.21436
 41 23  21395.082
 41 24  13852.668
 41 25 -473.005066
 41 26  18505.4258
 41 27  2164.22021
 41 28  1294.48462
 41 29  5932.79688
 41 30 -2839.84253
 41 31 -337049.781
 41 32  124855.398
 41 33  168521.781
 41 34 -53098.0586
 41 35  26385.6641
 41 36  46660.9336
 41 37  12030.0254
 41 38  1645.20569
 41 39  23746.0957
 41 40  43801.5312
 41 41  160342.219
 41 42  23172.2344
 41 43  12939.7598
 41 44  2643.71704
 41 45  3705.22607
 42 1  162967.453
 42 2  14802.3135
 42 3  8235.23535
 42 4  8478.51465
 42 5  1740.63281
 42 6  2850.62109
 42 7  1104.91626
 42 8  289.076172
 42 9  286.619598
 42 10 -1281.44946
 42 11 -2044.46082
 42 12  2058.13599
 42 13  167.672852
 42 14  257.874329
 42 15 -191.896271
 42 16  410157.688
 42 17 -32600.5898
 42 18  36537.1133
 42 19  52481.2812
 42 20  12601.5264
 42 21  22673.8496
 42 22  14764.6953
 42 23  11393.8428
 42 24 -3777.1709
 42 25  2066.04858
 42 26  1613.43323
 42 27  25358.7656
 42 28 -2431.42993
 42 29  6151.57959
 42 30  2431.92725
 42 31  829931.375
 42 32  83303.1719
 42 33  62535.7578
 42 34  3795.99683
 42 35  42776.7773
 42 36  19613.1895
 42 37  19402.9688
 42 38  21115.8145
 42 39  10317.334
 42 40  1380.61572
 42 41  23172.2344
 42 42  124835.086
 42 43  15218.4941
 42 44  5539.45996
 42 45  1194.79529
 43 1 -27687.3691
 43 2 -23161.2383
 43 3 -6971.36133
 43 4  25396.168
 43 5  14485.3936
 43 6  78.7134857
 43 7 -2853.96484
 43 8  3537.77759
 43 9 -405.420746
 43 10 -1413.86157
 43 11  1965.41748
 43 12 -2776.71021
 43 13  2406.23486
 43 14  757.949646
 43 15 -342.966644
 43 16  223391.031
 43 17  43860.4062
 43 18  42008.5898
 43 19  21952.6895
 43 20  34104.2812
 43 21  1811.67944
 43 22  8406.5498
 43 23 -5858.44336
 43 24  1882.47583
 43 25 -4300.6499
 43 26  1804.36792
 43 27  212.172623
 43 28  11016.6602
 43 29  2777.03589
 43 30  2277.95483
 43 31  179846.156
 43 32  206982.5
 43 33  32096.5957
 43 34  31073.7656
 43 35  49103.9727
 43 36  2222.09497
 43 37 -17977.4922
 43 38 -16870.2305
 43 39 -4003.18213
 43 40  10520.6416
 43 41  12939.7598
 43 42  15218.4941
 43 43  99940.3281
 43 44  12283.0752
 43 45  3173.77319
 44 1 -133484.734
 44 2  19770.4844
 44 3 -17462.0039
 44 4  2611.24658
 44 5  2079.86548
 44 6  3456.20654
 44 7  1694.19495
 44 8 -114.682106
 44 9 -1090.90735
 44 10 -970.17627
 44 11 -1058.5083
 44 12  225.372711
 44 13  1082.57068
 44 14  2003.57507
 44 15  651.446472
 44 16  371766.344
 44 17  16537.1953
 44 18 -28772.3379
 44 19 -25220.4727
 44 20 -40882.2422
 44 21 -8851.57031
 44 22  3593.19067
 44 23  3224.27539
 44 24 -2791.1416
 44 25 -1432.90125
 44 26 -754.64325
 44 27 -2724.39722
 44 28 -1480.70801
 44 29  9781.57227
 44 30  2531.89966
 44 31 -51713.0508
 44 32 -3460.61426
 44 33 -9090.76074
 44 34 -19645.7051
 44 35  24463.1875
 44 36  21418.3301
 44 37 -13010.6455
 44 38 -1200.78259
 44 39  6665.73926
 44 40  7163.31787
 44 41  2643.71704
 44 42  5539.45996
 44 43  12283.0752
 44 44  75475.8906
 44 45  13578.9414
 45 1  70791.8203
 45 2  50545.3125
 45 3  25305.3887
 45 4 -10836.0117
 45 5 -5476.55859
 45 6 -2060.83545
 45 7  3382.20142
 45 8  2622.63574
 45 9  2075.69702
 45 10  2130.50269
 45 11  2618.6626
 45 12  1284.83093
 45 13  1091.80408
 45 14  1127.19885
 45 15  1690.07068
 45 16  85901.3281
 45 17 -123894.336
 45 18 -30956.5703
 45 19 -26258.7871
 45 20  597.604431
 45 21 -8239.10449
 45 22  5299.06885
 45 23 -8070.32422
 45 24 -7603.75928
 45 25  3707.9895
 45 26 -2842.14404
 45 27  3977.9436
 45 28  2612.23242
 45 29  1649.05469
 45 30  7629.94775
 45 31  106731.711
 45 32  37865.8984
 45 33 -35095.3047
 45 34 -9213.58008
 45 35  36851.625
 45 36  20694.4668
 45 37 -17418.1875
 45 38 -12784.5137
 45 39  2555.61719
 45 40 -627.749695
 45 41  3705.22607
 45 42  1194.79529
 45 43  3173.77319
 45 44  13578.9414
 45 45  62339.0938