 1 1  90914736.
 1 2  11418071.
 1 3  1526349.25
 1 4  640417.
 1 5  484820.719
 1 6  22864.5762
 1 7  52858.0039
 1 8  186696.594
 1 9  8309.25293
 1 10 -74173.5391
 1 11 -33997.4531
 1 12  123446.703
 1 13  10986.127
 1 14  10600.1201
 1 15  111521.992
 1 16 -2434822.25
 1 17 -8639540.
 1 18  419395.469
 1 19  56459.3555
 1 20  245001.062
 1 21  517045.
 1 22 -318420.875
 1 23  158614.
 1 24  37315.3945
 1 25  276296.031
 1 26 -141631.328
 1 27  242639.516
 1 28  176759.938
 1 29  283378.938
 1 30  150370.328
 1 31  285545088.
 1 32  10062505.
 1 33  5319867.5
 1 34  3270239.75
 1 35  1324720.75
 1 36  1079459.38
 1 37  361928.219
 1 38  380236.688
 1 39  117628.758
 1 40  15086.126
 1 41 -255764.688
 1 42  157349.594
 1 43 -128637.891
 1 44  84852.5469
 1 45  71539.9688
 2 1  11418071.
 2 2  18870496.
 2 3  2185219.
 2 4  323678.5
 2 5  238153.516
 2 6  320047.5
 2 7  193439.188
 2 8  140767.359
 2 9  131931.953
 2 10 -11104.7344
 2 11 -7495.61182
 2 12  59560.9141
 2 13  10364.7021
 2 14  9034.16113
 2 15  78785.7266
 2 16 -1888869.62
 2 17  7426311.
 2 18  859073.188
 2 19 -1313580.5
 2 20  4119.01025
 2 21  263349.844
 2 22  238494.125
 2 23  99630.9062
 2 24 -73237.1016
 2 25  46069.2539
 2 26  57031.9492
 2 27  25586.7812
 2 28  32258.25
 2 29  119296.641
 2 30  82857.2031
 2 31  29842518.
 2 32  12213353.
 2 33  517542.281
 2 34  1246926.75
 2 35  836544.188
 2 36  593338.188
 2 37  14959.2998
 2 38  16599.2012
 2 39  21072.0918
 2 40  77782.8906
 2 41 -71379.4062
 2 42 -63864.0586
 2 43 -7113.59375
 2 44  45424.4922
 2 45  105525.945
 3 1  1526349.25
 3 2  2185219.
 3 3  4812422.5
 3 4  698852.438
 3 5  235801.469
 3 6  134340.5
 3 7  146843.797
 3 8  60738.7344
 3 9  52182.5039
 3 10  2412.46509
 3 11  41560.3086
 3 12  63832.3906
 3 13  33862.9141
 3 14  30327.2871
 3 15  8588.36523
 3 16  2558999.
 3 17  1483361.62
 3 18  3448608.
 3 19 -303580.906
 3 20  186078.188
 3 21 -63910.0117
 3 22  179970.609
 3 23  1623.46643
 3 24 -271.64447
 3 25  29799.123
 3 26  8087.82129
 3 27  37092.3594
 3 28  30567.0293
 3 29  31248.5059
 3 30  17013.2812
 3 31  6565455.5
 3 32  867645.75
 3 33  368781.906
 3 34 -153442.75
 3 35  296132.438
 3 36 -86331.9766
 3 37  157808.594
 3 38 -58719.207
 3 39  2138.67603
 3 40  10803.5127
 3 41  37420.0234
 3 42  59077.4609
 3 43  18790.1484
 3 44  64068.2773
 3 45 -2650.77368
 4 1  640417.
 4 2  323678.5
 4 3  698852.438
 4 4  1547393.75
 4 5  305000.375
 4 6  161413.062
 4 7  94836.0234
 4 8  45746.5391
 4 9  4623.97021
 4 10  15658.5156
 4 11  15450.4434
 4 12  23321.5312
 4 13  9555.4043
 4 14  13923.4326
 4 15  3146.57739
 4 16  572608.062
 4 17 -581286.938
 4 18  1019532.88
 4 19  722906.812
 4 20  185208.469
 4 21 -86025.5547
 4 22 -34099.3281
 4 23 -29992.5488
 4 24  76798.4297
 4 25  24971.4355
 4 26  4200.91504
 4 27  15029.9922
 4 28  22758.5586
 4 29  41651.9297
 4 30  6356.7168
 4 31  1972153.25
 4 32  409698.25
 4 33  707456.75
 4 34  416681.469
 4 35  96809.6562
 4 36 -24729.1875
 4 37  2737.60303
 4 38  8410.29004
 4 39  51347.4727
 4 40  8293.08691
 4 41  60157.4883
 4 42  44134.1445
 4 43 -1154.57678
 4 44 -11556.5752
 4 45  18962.6113
 5 1  484820.719
 5 2  238153.516
 5 3  235801.469
 5 4  305000.375
 5 5  675611.125
 5 6  150693.922
 5 7  48097.4102
 5 8  25433.9023
 5 9  3172.6582
 5 10  4710.63818
 5 11  15569.4111
 5 12  5048.5127
 5 13  5703.41211
 5 14  4626.28223
 5 15  3939.90527
 5 16 -818725.188
 5 17  471687.531
 5 18  192447.312
 5 19  264124.375
 5 20  551050.375
 5 21  13761.8037
 5 22 -47356.8789
 5 23  7739.71777
 5 24  48243.3945
 5 25 -14006.6865
 5 26  4026.44556
 5 27 -7232.11328
 5 28  10583.3799
 5 29  26241.6445
 5 30  21193.2871
 5 31  355060.938
 5 32  5459.77881
 5 33  346613.406
 5 34  456942.562
 5 35  504522.344
 5 36 -34534.0977
 5 37 -19373.0684
 5 38  36936.4766
 5 39  47829.2031
 5 40  5506.13672
 5 41  16108.7539
 5 42 -1630.41907
 5 43  6684.51465
 5 44  5909.01758
 5 45  31241.0645
 6 1  22864.5762
 6 2  320047.5
 6 3  134340.5
 6 4  161413.062
 6 5  150693.922
 6 6  355174.312
 6 7  71863.7656
 6 8  23531.1914
 6 9  14497.7061
 6 10  17316.4336
 6 11  18265.8633
 6 12  5740.18701
 6 13  2435.79663
 6 14  11741.6396
 6 15  8305.09082
 6 16 -129225.609
 6 17  517986.875
 6 18  133058.375
 6 19  105267.094
 6 20  124471.367
 6 21  151693.094
 6 22 -8508.00098
 6 23 -8193.64258
 6 24 -8626.63184
 6 25  5684.54688
 6 26  16008.4424
 6 27  5409.35791
 6 28  10670.9375
 6 29  24770.9395
 6 30  6104.37695
 6 31 -444148.219
 6 32 -513599.594
 6 33 -37532.418
 6 34  105634.469
 6 35  75339.1562
 6 36  76805.4453
 6 37 -51001.6953
 6 38  12705.0576
 6 39  35605.1133
 6 40  10193.1855
 6 41  15747.6543
 6 42 -6522.62061
 6 43  10974.8984
 6 44 -5184.2998
 6 45  24242.4473
 7 1  52858.0039
 7 2  193439.188
 7 3  146843.797
 7 4  94836.0234
 7 5  48097.4102
 7 6  71863.7656
 7 7  191495.906
 7 8  43448.457
 7 9  18800.3516
 7 10  11492.2764
 7 11  6157.06836
 7 12  9377.7832
 7 13  3753.03467
 7 14  8421.27246
 7 15  7149.28467
 7 16  320159.688
 7 17  262563.969
 7 18  229091.062
 7 19  69833.8984
 7 20  83838.1641
 7 21  48742.7695
 7 22  100358.914
 7 23  10965.8145
 7 24  9390.61426
 7 25 -825.0047
 7 26  7159.90918
 7 27  15934.1592
 7 28  14391.8613
 7 29 -3462.53979
 7 30 -1441.00244
 7 31  226374.891
 7 32 -293611.125
 7 33  79230.3359
 7 34  82753.1641
 7 35  82247.5078
 7 36  12153.9102
 7 37  68719.1641
 7 38 -9131.16797
 7 39 -11655.7686
 7 40 -15448.0908
 7 41  3424.72168
 7 42  19435.9531
 7 43  1523.14819
 7 44  224.617081
 7 45  13631.9736
 8 1  186696.594
 8 2  140767.359
 8 3  60738.7344
 8 4  45746.5391
 8 5  25433.9023
 8 6  23531.1914
 8 7  43448.457
 8 8  109373.633
 8 9  27178.2969
 8 10  13536.1328
 8 11  6629.2124
 8 12  7048.89893
 8 13  5731.59277
 8 14  3973.24878
 8 15  2768.58325
 8 16 -181115.781
 8 17 -120378.648
 8 18  39555.6602
 8 19  26636.4336
 8 20  8242.09668
 8 21  21831.9688
 8 22  9083.50781
 8 23  26444.5703
 8 24  4415.31201
 8 25 -883.971191
 8 26  842.050476
 8 27  13720.1787
 8 28  4023.62622
 8 29  1286.67883
 8 30  3290.5918
 8 31  516443.875
 8 32  161984.797
 8 33  89017.25
 8 34  48113.0508
 8 35  47646.7539
 8 36 -21432.5391
 8 37  1596.61572
 8 38  26111.3828
 8 39  2791.96216
 8 40 -4606.71729
 8 41 -4056.65039
 8 42  1882.24683
 8 43 -4485.3999
 8 44 -2223.9812
 8 45  3899.81641
 9 1  8309.25293
 9 2  131931.953
 9 3  52182.5039
 9 4  4623.97021
 9 5  3172.6582
 9 6  14497.7061
 9 7  18800.3516
 9 8  27178.2969
 9 9  69231.875
 9 10  17892.3652
 9 11  4767.28955
 9 12  9104.21387
 9 13  2348.35205
 9 14  2261.3374
 9 15  3396.69995
 9 16 -255651.391
 9 17 -23118.8242
 9 18 -48614.0742
 9 19 -1962.06726
 9 20 -19930.6855
 9 21  22838.0957
 9 22  14145.8975
 9 23  18147.9941
 9 24  35052.4844
 9 25  1624.37195
 9 26  1262.25281
 9 27  5528.29541
 9 28  840.262512
 9 29  1563.1228
 9 30  2227.87866
 9 31 -80385.4688
 9 32  42543.582
 9 33 -56130.7852
 9 34  15065.0508
 9 35 -6784.25293
 9 36  15086.6025
 9 37 -7150.97998
 9 38  71.9678421
 9 39  7962.22998
 9 40 -2039.65686
 9 41 -7907.50391
 9 42 -1919.53589
 9 43 -2743.90332
 9 44 -4337.88379
 9 45 -4279.54932
 10 1 -74173.5391
 10 2 -11104.7344
 10 3  2412.46509
 10 4  15658.5156
 10 5  4710.63818
 10 6  17316.4336
 10 7  11492.2764
 10 8  13536.1328
 10 9  17892.3652
 10 10  58421.9727
 10 11  12206.1826
 10 12  8123.88086
 10 13  2302.56689
 10 14  2690.68237
 10 15  5711.48193
 10 16 -446152.844
 10 17  67968.9844
 10 18  50537.0117
 10 19  34757.7031
 10 20 -9149.97852
 10 21 -1353.35779
 10 22  7009.84619
 10 23 -12467.582
 10 24  16364.3184
 10 25  11541.5049
 10 26 -3029.86011
 10 27 -9929.39941
 10 28  3608.95679
 10 29  2316.2124
 10 30 -2352.25903
 10 31 -390613.031
 10 32  196664.672
 10 33  58814.082
 10 34  39066.1094
 10 35 -32556.459
 10 36 -21314.7617
 10 37  3303.32373
 10 38  1430.43176
 10 39  2908.46948
 10 40  25493.8516
 10 41 -3484.99268
 10 42 -7135.13721
 10 43 -11650.0029
 10 44 -1757.07886
 10 45 -535.224426
 11 1 -33997.4531
 11 2 -7495.61182
 11 3  41560.3086
 11 4  15450.4434
 11 5  15569.4111
 11 6  18265.8633
 11 7  6157.06836
 11 8  6629.2124
 11 9  4767.28955
 11 10  12206.1826
 11 11  37300.6016
 11 12  11033.4678
 11 13  6613.08105
 11 14  4941.46826
 11 15  4270.21289
 11 16  52507.1055
 11 17  22274.373
 11 18  47626.832
 11 19 -17280.0039
 11 20 -7805.22998
 11 21 -4525.96289
 11 22 -6084.11279
 11 23 -8728.02637
 11 24  2236.11108
 11 25  1295.07166
 11 26  10718.71
 11 27  4735.09912
 11 28 -1894.62329
 11 29  5625.52539
 11 30  3964.84717
 11 31 -27772.3105
 11 32 -37269.5742
 11 33  24883.4688
 11 34 -33503.2031
 11 35  16300.7744
 11 36 -3712.16968
 11 37  3422.
 11 38 -1939.05969
 11 39 -1038.87903
 11 40  6130.06592
 11 41  7034.57812
 11 42 -4812.46387
 11 43 -8548.55469
 11 44 -3811.4502
 11 45 -3517.20825
 12 1  123446.703
 12 2  59560.9141
 12 3  63832.3906
 12 4  23321.5312
 12 5  5048.5127
 12 6  5740.18701
 12 7  9377.7832
 12 8  7048.89893
 12 9  9104.21387
 12 10  8123.88086
 12 11  11033.4678
 12 12  30303.5664
 12 13  9943.52246
 12 14  5111.51318
 12 15  4052.83179
 12 16 -8735.55273
 12 17 -6096.38672
 12 18  28902.709
 12 19  39402.3125
 12 20  10435.2031
 12 21  11551.7061
 12 22  8974.98047
 12 23  8521.64062
 12 24  13560.332
 12 25  1479.83655
 12 26  6914.65723
 12 27  16968.1992
 12 28  2602.58789
 12 29  824.523254
 12 30  5858.29834
 12 31  347196.188
 12 32  72009.9609
 12 33 -13383.96
 12 34 -4200.62305
 12 35  22223.7324
 12 36  9519.64062
 12 37  10.3658867
 12 38 -4034.53589
 12 39 -1005.18805
 12 40 -6239.64648
 12 41 -1339.86365
 12 42  10238.9873
 12 43 -7610.78174
 12 44 -1608.03638
 12 45 -521.045898
 13 1  10986.127
 13 2  10364.7021
 13 3  33862.9141
 13 4  9555.4043
 13 5  5703.41211
 13 6  2435.79663
 13 7  3753.03467
 13 8  5731.59277
 13 9  2348.35205
 13 10  2302.56689
 13 11  6613.08105
 13 12  9943.52246
 13 13  24518.4277
 13 14  7423.37939
 13 15  3681.69873
 13 16  10730.0742
 13 17  101723.906
 13 18  75471.7344
 13 19 -8096.40723
 13 20  10116.0117
 13 21  2862.1626
 13 22  4742.39893
 13 23  1862.5249
 13 24  7554.39697
 13 25 -5054.39941
 13 26  1258.46436
 13 27  5485.27979
 13 28  7840.63574
 13 29  5213.45215
 13 30  2389.04102
 13 31  322145.25
 13 32  7365.3833
 13 33  55646.0117
 13 34  46074.7617
 13 35  9957.15137
 13 36 -3170.89355
 13 37  1089.61646
 13 38  5646.87402
 13 39 -6289.52441
 13 40 -12439.1172
 13 41 -297.813843
 13 42 -1900.38831
 13 43  6093.61621
 13 44  729.880737
 13 45  2256.55298
 14 1  10600.1201
 14 2  9034.16113
 14 3  30327.2871
 14 4  13923.4326
 14 5  4626.28223
 14 6  11741.6396
 14 7  8421.27246
 14 8  3973.24878
 14 9  2261.3374
 14 10  2690.68237
 14 11  4941.46826
 14 12  5111.51318
 14 13  7423.37939
 14 14  21309.9336
 14 15  6701.25098
 14 16 -234465.484
 14 17 -9251.85938
 14 18  43460.4023
 14 19 -5302.71973
 14 20  14615.6621
 14 21  9011.12012
 14 22  1841.69067
 14 23 -5141.58203
 14 24  4634.23535
 14 25 -863.682007
 14 26  4092.24219
 14 27  2818.09912
 14 28  3151.36621
 14 29  7372.01318
 14 30  2661.54785
 14 31 -175453.75
 14 32  30098.3691
 14 33  8560.89355
 14 34 -3810.64722
 14 35  26041.8438
 14 36 -11703.6494
 14 37 -9876.19922
 14 38  1450.74365
 14 39 -3502.83813
 14 40  706.066101
 14 41 -564.484741
 14 42  1020.93414
 14 43  1543.11597
 14 44  2092.40796
 14 45  3912.36011
 15 1  111521.992
 15 2  78785.7266
 15 3  8588.36523
 15 4  3146.57739
 15 5  3939.90527
 15 6  8305.09082
 15 7  7149.28467
 15 8  2768.58325
 15 9  3396.69995
 15 10  5711.48193
 15 11  4270.21289
 15 12  4052.83179
 15 13  3681.69873
 15 14  6701.25098
 15 15  17730.5059
 15 16 -14226.8115
 15 17 -55924.4258
 15 18  3579.71533
 15 19 -6882.40869
 15 20 -32.9077454
 15 21  7048.11182
 15 22  3022.92603
 15 23  6147.6333
 15 24  4941.32373
 15 25  8043.78467
 15 26  4681.51465
 15 27  1751.35474
 15 28  2435.58594
 15 29  2079.16675
 15 30  3405.86499
 15 31  408659.531
 15 32  145240.781
 15 33  72823.1875
 15 34 -20607.2441
 15 35 -6217.95264
 15 36  69.4595947
 15 37 -6781.73291
 15 38  243.202408
 15 39 -708.30542
 15 40  6723.54688
 15 41 -1190.38708
 15 42 -5581.87793
 15 43 -1214.47473
 15 44  1042.65881
 15 45  2341.57544
 16 1 -2434822.25
 16 2 -1888869.62
 16 3  2558999.
 16 4  572608.062
 16 5 -818725.188
 16 6 -129225.609
 16 7  320159.688
 16 8 -181115.781
 16 9 -255651.391
 16 10 -446152.844
 16 11  52507.1055
 16 12 -8735.55273
 16 13  10730.0742
 16 14 -234465.484
 16 15 -14226.8115
 16 16  683491136.
 16 17  41005812.
 16 18 -3085710.25
 16 19  5594941.5
 16 20 -2607981.
 16 21  194488.203
 16 22  1541218.62
 16 23  1286036.88
 16 24  110757.5
 16 25 -51611.0898
 16 26 -571485.625
 16 27  592420.
 16 28  837580.812
 16 29 -78674.6875
 16 30 -169620.234
 16 31  602157440.
 16 32 -15282562.
 16 33 -6222150.5
 16 34 -6359218.5
 16 35  1303390.38
 16 36  191852.219
 16 37  1493386.38
 16 38  1057304.5
 16 39 -377955.469
 16 40  645462.25
 16 41 -310581.75
 16 42  451451.438
 16 43  772624.688
 16 44  413722.
 16 45 -464039.156
 17 1 -8639540.
 17 2  7426311.
 17 3  1483361.62
 17 4 -581286.938
 17 5  471687.531
 17 6  517986.875
 17 7  262563.969
 17 8 -120378.648
 17 9 -23118.8242
 17 10  67968.9844
 17 11  22274.373
 17 12 -6096.38672
 17 13  101723.906
 17 14 -9251.85938
 17 15 -55924.4258
 17 16  41005812.
 17 17  109971648.
 17 18  10598793.
 17 19  869913.688
 17 20 -536005.75
 17 21  559526.438
 17 22  877425.812
 17 23 -109012.383
 17 24 -65472.1914
 17 25  167507.344
 17 26  69816.8359
 17 27  62040.7539
 17 28  304097.688
 17 29  236853.328
 17 30  1221.46716
 17 31  12697896.
 17 32 -8705859.
 17 33 -7953064.
 17 34 -4215968.5
 17 35  1557301.75
 17 36  418750.875
 17 37  913503.125
 17 38  600053.125
 17 39  126145.289
 17 40 -69918.0156
 17 41 -230317.125
 17 42 -3426.81738
 17 43  353016.75
 17 44 -377903.156
 17 45  69047.5
 18 1  419395.469
 18 2  859073.188
 18 3  3448608.
 18 4  1019532.88
 18 5  192447.312
 18 6  133058.375
 18 7  229091.062
 18 8  39555.6602
 18 9 -48614.0742
 18 10  50537.0117
 18 11  47626.832
 18 12  28902.709
 18 13  75471.7344
 18 14  43460.4023
 18 15  3579.71533
 18 16 -3085710.25
 18 17  10598793.
 18 18  27631532.
 18 19  2816537.75
 18 20  577851.812
 18 21  117381.227
 18 22  153353.109
 18 23  58124.7773
 18 24  26943.5
 18 25 -62404.1953
 18 26  154954.656
 18 27 -41506.1328
 18 28  132895.297
 18 29  225173.656
 18 30  42529.1953
 18 31  2385438.25
 18 32  306220.031
 18 33  8598041.
 18 34 -3468777.25
 18 35 -200948.672
 18 36 -399528.438
 18 37  198214.531
 18 38  177.07489
 18 39  1638.87292
 18 40 -3344.15259
 18 41  196555.344
 18 42 -185434.656
 18 43  170764.375
 18 44 -119662.359
 18 45 -53865.0938
 19 1  56459.3555
 19 2 -1313580.5
 19 3 -303580.906
 19 4  722906.812
 19 5  264124.375
 19 6  105267.094
 19 7  69833.8984
 19 8  26636.4336
 19 9 -1962.06726
 19 10  34757.7031
 19 11 -17280.0039
 19 12  39402.3125
 19 13 -8096.40723
 19 14 -5302.71973
 19 15 -6882.40869
 19 16  5594941.5
 19 17  869913.688
 19 18  2816537.75
 19 19  9618324.
 19 20  1129244.5
 19 21  18553.9023
 19 22  219304.781
 19 23  110514.18
 19 24 -32097.5293
 19 25 -18454.4297
 19 26  81472.9375
 19 27  38327.9766
 19 28  86954.2734
 19 29  39156.4805
 19 30  19592.2949
 19 31  2204654.5
 19 32 -1830832.12
 19 33  1445221.25
 19 34  459449.188
 19 35 -675441.812
 19 36 -158189.703
 19 37 -112580.695
 19 38  99475.7969
 19 39  41208.3047
 19 40  129360.703
 19 41  78977.5547
 19 42  53905.9883
 19 43  30572.3184
 19 44 -11936.6562
 19 45  27892.5703
 20 1  245001.062
 20 2  4119.01025
 20 3  186078.188
 20 4  185208.469
 20 5  551050.375
 20 6  124471.367
 20 7  83838.1641
 20 8  8242.09668
 20 9 -19930.6855
 20 10 -9149.97852
 20 11 -7805.22998
 20 12  10435.2031
 20 13  10116.0117
 20 14  14615.6621
 20 15 -32.9077454
 20 16 -2607981.
 20 17 -536005.75
 20 18  577851.812
 20 19  1129244.5
 20 20  4058905.25
 20 21  425195.438
 20 22  163336.609
 20 23  90146.3281
 20 24  36203.8672
 20 25  24029.6465
 20 26  1004.25793
 20 27  3865.35278
 20 28  36464.1641
 20 29  11949.165
 20 30  18649.0176
 20 31 -1265589.12
 20 32 -498192.781
 20 33  357562.406
 20 34  844369.688
 20 35  1394758.38
 20 36 -276447.75
 20 37 -180680.453
 20 38  87602.8203
 20 39  102208.859
 20 40 -74477.7344
 20 41  44969.5898
 20 42 -39331.0234
 20 43  37761.3594
 20 44 -10302.3203
 20 45  32070.1328
 21 1  517045.
 21 2  263349.844
 21 3 -63910.0117
 21 4 -86025.5547
 21 5  13761.8037
 21 6  151693.094
 21 7  48742.7695
 21 8  21831.9688
 21 9  22838.0957
 21 10 -1353.35779
 21 11 -4525.96289
 21 12  11551.7061
 21 13  2862.1626
 21 14  9011.12012
 21 15  7048.11182
 21 16  194488.203
 21 17  559526.438
 21 18  117381.227
 21 19  18553.9023
 21 20  425195.438
 21 21  1892430.12
 21 22  329861.25
 21 23  61275.9805
 21 24  39797.0078
 21 25  4782.6084
 21 26  10659.3828
 21 27  16614.
 21 28  48907.1797
 21 29 -2040.25183
 21 30  3903.33521
 21 31  2664106.75
 21 32  180621.141
 21 33 -189687.625
 21 34  62121.5781
 21 35  439071.406
 21 36  546562.875
 21 37 -45144.2188
 21 38 -37763.875
 21 39  43909.5156
 21 40 -20507.3711
 21 41 -31755.0703
 21 42 -36126.3125
 21 43  33643.6719
 21 44  12973.584
 21 45  46195.4531
 22 1 -318420.875
 22 2  238494.125
 22 3  179970.609
 22 4 -34099.3281
 22 5 -47356.8789
 22 6 -8508.00098
 22 7  100358.914
 22 8  9083.50781
 22 9  14145.8975
 22 10  7009.84619
 22 11 -6084.11279
 22 12  8974.98047
 22 13  4742.39893
 22 14  1841.69067
 22 15  3022.92603
 22 16  1541218.62
 22 17  877425.812
 22 18  153353.109
 22 19  219304.781
 22 20  163336.609
 22 21  329861.25
 22 22  987077.438
 22 23  155379.031
 22 24  35441.1992
 22 25  20649.6621
 22 26  12129.2324
 22 27 -6878.50195
 22 28  44818.8672
 22 29 -39.2400665
 22 30  2345.15308
 22 31 -937868.
 22 32 -592549.125
 22 33 -268673.75
 22 34  63643.4648
 22 35  149814.203
 22 36  195719.562
 22 37  163770.891
 22 38 -24536.8887
 22 39 -32594.7344
 22 40 -45509.9023
 22 41  2633.8291
 22 42  2689.01392
 22 43  31902.0352
 22 44  16952.2461
 22 45 -17451.0059
 23 1  158614.
 23 2  99630.9062
 23 3  1623.46643
 23 4 -29992.5488
 23 5  7739.71777
 23 6 -8193.64258
 23 7  10965.8145
 23 8  26444.5703
 23 9  18147.9941
 23 10 -12467.582
 23 11 -8728.02637
 23 12  8521.64062
 23 13  1862.5249
 23 14 -5141.58203
 23 15  6147.6333
 23 16  1286036.88
 23 17 -109012.383
 23 18  58124.7773
 23 19  110514.18
 23 20  90146.3281
 23 21  61275.9805
 23 22  155379.031
 23 23  612641.
 23 24  112689.164
 23 25  11577.4316
 23 26  8554.92188
 23 27  33356.2617
 23 28  40011.3633
 23 29 -2420.646
 23 30  6104.73486
 23 31  1344872.75
 23 32 -727133.125
 23 33  3659.1333
 23 34  1430.11462
 23 35  16313.0439
 23 36 -3184.81323
 23 37  24649.5566
 23 38  171421.
 23 39 -31790.1777
 23 40 -9590.97363
 23 41 -32613.9316
 23 42 -17015.8633
 23 43 -1975.5033
 23 44  5261.67969
 23 45 -18800.0449
 24 1  37315.3945
 24 2 -73237.1016
 24 3 -271.64447
 24 4  76798.4297
 24 5  48243.3945
 24 6 -8626.63184
 24 7  9390.61426
 24 8  4415.31201
 24 9  35052.4844
 24 10  16364.3184
 24 11  2236.11108
 24 12  13560.332
 24 13  7554.39697
 24 14  4634.23535
 24 15  4941.32373
 24 16  110757.5
 24 17 -65472.1914
 24 18  26943.5
 24 19 -32097.5293
 24 20  36203.8672
 24 21  39797.0078
 24 22  35441.1992
 24 23  112689.164
 24 24  498413.25
 24 25  91119.0234
 24 26  28246.125
 24 27  30810.5469
 24 28  15076.0576
 24 29  6579.36523
 24 30  7999.58496
 24 31  276612.688
 24 32 -289422.812
 24 33  226963.406
 24 34  69650.3906
 24 35  21023.2754
 24 36  55949.1445
 24 37  28887.3457
 24 38  24411.9492
 24 39  68256.6406
 24 40 -9166.77539
 24 41 -27960.3496
 24 42  29219.541
 24 43 -4673.76953
 24 44  1378.52478
 24 45  2935.30811
 25 1  276296.031
 25 2  46069.2539
 25 3  29799.123
 25 4  24971.4355
 25 5 -14006.6865
 25 6  5684.54688
 25 7 -825.0047
 25 8 -883.971191
 25 9  1624.37195
 25 10  11541.5049
 25 11  1295.07166
 25 12  1479.83655
 25 13 -5054.39941
 25 14 -863.682007
 25 15  8043.78467
 25 16 -51611.0898
 25 17  167507.344
 25 18 -62404.1953
 25 19 -18454.4297
 25 20  24029.6465
 25 21  4782.6084
 25 22  20649.6621
 25 23  11577.4316
 25 24  91119.0234
 25 25  299921.188
 25 26  59938.5039
 25 27  17607.9648
 25 28  1367.89978
 25 29  1921.9751
 25 30  516.347473
 25 31  425058.438
 25 32 -310246.375
 25 33 -244198.859
 25 34 -88931.5625
 25 35  22412.666
 25 36  65753.3906
 25 37  4109.99854
 25 38 -3509.45972
 25 39  27358.7617
 25 40  82044.4922
 25 41 -3265.84692
 25 42 -12935.4336
 25 43 -5031.58887
 25 44  3235.16821
 25 45  6904.14062
 26 1 -141631.328
 26 2  57031.9492
 26 3  8087.82129
 26 4  4200.91504
 26 5  4026.44556
 26 6  16008.4424
 26 7  7159.90918
 26 8  842.050476
 26 9  1262.25281
 26 10 -3029.86011
 26 11  10718.71
 26 12  6914.65723
 26 13  1258.46436
 26 14  4092.24219
 26 15  4681.51465
 26 16 -571485.625
 26 17  69816.8359
 26 18  154954.656
 26 19  81472.9375
 26 20  1004.25793
 26 21  10659.3828
 26 22  12129.2324
 26 23  8554.92188
 26 24  28246.125
 26 25  59938.5039
 26 26  217558.
 26 27  49989.3867
 26 28  4556.13916
 26 29  6146.66943
 26 30  10771.542
 26 31 -808719.812
 26 32 -301555.656
 26 33 -238628.969
 26 34 -78776.6562
 26 35 -21486.709
 26 36  7258.30566
 26 37 -4461.88721
 26 38  2032.66858
 26 39  15261.2012
 26 40  7390.66211
 26 41  17748.1074
 26 42 -22040.6797
 26 43 -16637.6699
 26 44 -10933.9717
 26 45 -8884.36328
 27 1  242639.516
 27 2  25586.7812
 27 3  37092.3594
 27 4  15029.9922
 27 5 -7232.11328
 27 6  5409.35791
 27 7  15934.1592
 27 8  13720.1787
 27 9  5528.29541
 27 10 -9929.39941
 27 11  4735.09912
 27 12  16968.1992
 27 13  5485.27979
 27 14  2818.09912
 27 15  1751.35474
 27 16  592420.
 27 17  62040.7539
 27 18 -41506.1328
 27 19  38327.9766
 27 20  3865.35278
 27 21  16614.
 27 22 -6878.50195
 27 23  33356.2617
 27 24  30810.5469
 27 25  17607.9648
 27 26  49989.3867
 27 27  185790.594
 27 28  35630.2734
 27 29  9814.09375
 27 30  23103.6582
 27 31  1376238.38
 27 32 -179486.734
 27 33 -166383.094
 27 34  3247.7356
 27 35  92361.3359
 27 36  32021.293
 27 37  31535.9102
 27 38  21139.7363
 27 39  22242.1367
 27 40 -516.991455
 27 41  1835.33765
 27 42  43990.1211
 27 43 -1889.14331
 27 44 -2578.09448
 27 45 -2406.88306
 28 1  176759.938
 28 2  32258.25
 28 3  30567.0293
 28 4  22758.5586
 28 5  10583.3799
 28 6  10670.9375
 28 7  14391.8613
 28 8  4023.62622
 28 9  840.262512
 28 10  3608.95679
 28 11 -1894.62329
 28 12  2602.58789
 28 13  7840.63574
 28 14  3151.36621
 28 15  2435.58594
 28 16  837580.812
 28 17  304097.688
 28 18  132895.297
 28 19  86954.2734
 28 20  36464.1641
 28 21  48907.1797
 28 22  44818.8672
 28 23  40011.3633
 28 24  15076.0576
 28 25  1367.89978
 28 26  4556.13916
 28 27  35630.2734
 28 28  134701.609
 28 29  26703.541
 28 30  16266.3271
 28 31  1006268.62
 28 32 -31559.6426
 28 33  46179.4609
 28 34 -31517.4199
 28 35  12883.168
 28 36 -6950.91553
 28 37 -2749.56226
 28 38  8479.17188
 28 39 -11581.7744
 28 40 -8219.03418
 28 41  13835.373
 28 42  21796.0566
 28 43  48388.0391
 28 44  751.606628
 28 45 -2077.45679
 29 1  283378.938
 29 2  119296.641
 29 3  31248.5059
 29 4  41651.9297
 29 5  26241.6445
 29 6  24770.9395
 29 7 -3462.53979
 29 8  1286.67883
 29 9  1563.1228
 29 10  2316.2124
 29 11  5625.52539
 29 12  824.523254
 29 13  5213.45215
 29 14  7372.01318
 29 15  2079.16675
 29 16 -78674.6875
 29 17  236853.328
 29 18  225173.656
 29 19  39156.4805
 29 20  11949.165
 29 21 -2040.25183
 29 22 -39.2400665
 29 23 -2420.646
 29 24  6579.36523
 29 25  1921.9751
 29 26  6146.66943
 29 27  9814.09375
 29 28  26703.541
 29 29  112892.156
 29 30  21659.3203
 29 31  875919.062
 29 32 -290328.844
 29 33  185627.
 29 34 -28637.9355
 29 35 -11558.7773
 29 36 -37080.875
 29 37  8187.81543
 29 38 -6215.85986
 29 39  764.050171
 29 40  1696.86267
 29 41  13503.6953
 29 42 -7537.20312
 29 43  3584.27881
 29 44  20866.8848
 29 45  6533.77979
 30 1  150370.328
 30 2  82857.2031
 30 3  17013.2812
 30 4  6356.7168
 30 5  21193.2871
 30 6  6104.37695
 30 7 -1441.00244
 30 8  3290.5918
 30 9  2227.87866
 30 10 -2352.25903
 30 11  3964.84717
 30 12  5858.29834
 30 13  2389.04102
 30 14  2661.54785
 30 15  3405.86499
 30 16 -169620.234
 30 17  1221.46716
 30 18  42529.1953
 30 19  19592.2949
 30 20  18649.0176
 30 21  3903.33521
 30 22  2345.15308
 30 23  6104.73486
 30 24  7999.58496
 30 25  516.347473
 30 26  10771.542
 30 27  23103.6582
 30 28  16266.3271
 30 29  21659.3203
 30 30  86294.0938
 30 31  444529.219
 30 32  189988.312
 30 33  139455.25
 30 34  35953.9023
 30 35  5619.77051
 30 36 -17302.9355
 30 37 -26423.0234
 30 38 -15189.7734
 30 39  3201.2229
 30 40 -5219.12988
 30 41  1797.5647
 30 42  11083.1719
 30 43  2825.49902
 30 44 -1131.49463
 30 45  18499.0586
 31 1  285545088.
 31 2  29842518.
 31 3  6565455.5
 31 4  1972153.25
 31 5  355060.938
 31 6 -444148.219
 31 7  226374.891
 31 8  516443.875
 31 9 -80385.4688
 31 10 -390613.031
 31 11 -27772.3105
 31 12  347196.188
 31 13  322145.25
 31 14 -175453.75
 31 15  408659.531
 31 16  602157440.
 31 17  12697896.
 31 18  2385438.25
 31 19  2204654.5
 31 20 -1265589.12
 31 21  2664106.75
 31 22 -937868.
 31 23  1344872.75
 31 24  276612.688
 31 25  425058.438
 31 26 -808719.812
 31 27  1376238.38
 31 28  1006268.62
 31 29  875919.062
 31 30  444529.219
 31 31  1.82702925E+09
 31 32  28992006.
 31 33  7101930.
 31 34  3348251.5
 31 35  3484585.25
 31 36  4665144.
 31 37  272884.656
 31 38  3115818.
 31 39  857660.25
 31 40  690482.
 31 41 -442876.062
 31 42  451019.375
 31 43  813323.
 31 44  1197158.5
 31 45 -168767.766
 32 1  10062505.
 32 2  12213353.
 32 3  867645.75
 32 4  409698.25
 32 5  5459.77881
 32 6 -513599.594
 32 7 -293611.125
 32 8  161984.797
 32 9  42543.582
 32 10  196664.672
 32 11 -37269.5742
 32 12  72009.9609
 32 13  7365.3833
 32 14  30098.3691
 32 15  145240.781
 32 16 -15282562.
 32 17 -8705859.
 32 18  306220.031
 32 19 -1830832.12
 32 20 -498192.781
 32 21  180621.141
 32 22 -592549.125
 32 23 -727133.125
 32 24 -289422.812
 32 25 -310246.375
 32 26 -301555.656
 32 27 -179486.734
 32 28 -31559.6426
 32 29 -290328.844
 32 30  189988.312
 32 31  28992006.
 32 32  146000688.
 32 33  6522090.5
 32 34  2127833.5
 32 35  2302902.75
 32 36  1260225.88
 32 37 -302628.562
 32 38  121483.
 32 39  470043.625
 32 40  91197.7344
 32 41  23599.5215
 32 42  381361.344
 32 43  422342.062
 32 44  83667.7188
 32 45  21841.3125
 33 1  5319867.5
 33 2  517542.281
 33 3  368781.906
 33 4  707456.75
 33 5  346613.406
 33 6 -37532.418
 33 7  79230.3359
 33 8  89017.25
 33 9 -56130.7852
 33 10  58814.082
 33 11  24883.4688
 33 12 -13383.96
 33 13  55646.0117
 33 14  8560.89355
 33 15  72823.1875
 33 16 -6222150.5
 33 17 -7953064.
 33 18  8598041.
 33 19  1445221.25
 33 20  357562.406
 33 21 -189687.625
 33 22 -268673.75
 33 23  3659.1333
 33 24  226963.406
 33 25 -244198.859
 33 26 -238628.969
 33 27 -166383.094
 33 28  46179.4609
 33 29  185627.
 33 30  139455.25
 33 31  7101930.
 33 32  6522090.5
 33 33  36420848.
 33 34  4052153.75
 33 35  209818.5
 33 36  21038.8984
 33 37  24975.0898
 33 38  404099.062
 33 39 -123284.305
 33 40 -115601.219
 33 41  159323.703
 33 42  73751.7188
 33 43  148072.172
 33 44 -6709.53027
 33 45 -99057.0703
 34 1  3270239.75
 34 2  1246926.75
 34 3 -153442.75
 34 4  416681.469
 34 5  456942.562
 34 6  105634.469
 34 7  82753.1641
 34 8  48113.0508
 34 9  15065.0508
 34 10  39066.1094
 34 11 -33503.2031
 34 12 -4200.62305
 34 13  46074.7617
 34 14 -3810.64722
 34 15 -20607.2441
 34 16 -6359218.5
 34 17 -4215968.5
 34 18 -3468777.25
 34 19  459449.188
 34 20  844369.688
 34 21  62121.5781
 34 22  63643.4648
 34 23  1430.11462
 34 24  69650.3906
 34 25 -88931.5625
 34 26 -78776.6562
 34 27  3247.7356
 34 28 -31517.4199
 34 29 -28637.9355
 34 30  35953.9023
 34 31  3348251.5
 34 32  2127833.5
 34 33  4052153.75
 34 34  15176156.
 34 35  1718450.5
 34 36 -119517.5
 34 37 -2329.29858
 34 38  117668.93
 34 39  267032.062
 34 40 -120927.273
 34 41 -31156.4941
 34 42  83098.2266
 34 43 -6105.59863
 34 44 -15906.623
 34 45  84126.5703
 35 1  1324720.75
 35 2  836544.188
 35 3  296132.438
 35 4  96809.6562
 35 5  504522.344
 35 6  75339.1562
 35 7  82247.5078
 35 8  47646.7539
 35 9 -6784.25293
 35 10 -32556.459
 35 11  16300.7744
 35 12  22223.7324
 35 13  9957.15137
 35 14  26041.8438
 35 15 -6217.95264
 35 16  1303390.38
 35 17  1557301.75
 35 18 -200948.672
 35 19 -675441.812
 35 20  1394758.38
 35 21  439071.406
 35 22  149814.203
 35 23  16313.0439
 35 24  21023.2754
 35 25  22412.666
 35 26 -21486.709
 35 27  92361.3359
 35 28  12883.168
 35 29 -11558.7773
 35 30  5619.77051
 35 31  3484585.25
 35 32  2302902.75
 35 33  209818.5
 35 34  1718450.5
 35 35  6655132.5
 35 36  949701.562
 35 37  218921.891
 35 38  145047.688
 35 39  174265.375
 35 40  124228.828
 35 41  56335.1797
 35 42  5496.58203
 35 43  75461.2578
 35 44  55842.3945
 35 45  33023.8164
 36 1  1079459.38
 36 2  593338.188
 36 3 -86331.9766
 36 4 -24729.1875
 36 5 -34534.0977
 36 6  76805.4453
 36 7  12153.9102
 36 8 -21432.5391
 36 9  15086.6025
 36 10 -21314.7617
 36 11 -3712.16968
 36 12  9519.64062
 36 13 -3170.89355
 36 14 -11703.6494
 36 15  69.4595947
 36 16  191852.219
 36 17  418750.875
 36 18 -399528.438
 36 19 -158189.703
 36 20 -276447.75
 36 21  546562.875
 36 22  195719.562
 36 23 -3184.81323
 36 24  55949.1445
 36 25  65753.3906
 36 26  7258.30566
 36 27  32021.293
 36 28 -6950.91553
 36 29 -37080.875
 36 30 -17302.9355
 36 31  4665144.
 36 32  1260225.88
 36 33  21038.8984
 36 34 -119517.5
 36 35  949701.562
 36 36  3121891.
 36 37  531470.938
 36 38  45636.7539
 36 39  32627.8008
 36 40  35529.293
 36 41  8851.01562
 36 42  79049.6719
 36 43  82645.5312
 36 44  43057.2227
 36 45  22430.5176
 37 1  361928.219
 37 2  14959.2998
 37 3  157808.594
 37 4  2737.60303
 37 5 -19373.0684
 37 6 -51001.6953
 37 7  68719.1641
 37 8  1596.61572
 37 9 -7150.97998
 37 10  3303.32373
 37 11  3422.
 37 12  10.3658867
 37 13  1089.61646
 37 14 -9876.19922
 37 15 -6781.73291
 37 16  1493386.38
 37 17  913503.125
 37 18  198214.531
 37 19 -112580.695
 37 20 -180680.453
 37 21 -45144.2188
 37 22  163770.891
 37 23  24649.5566
 37 24  28887.3457
 37 25  4109.99854
 37 26 -4461.88721
 37 27  31535.9102
 37 28 -2749.56226
 37 29  8187.81543
 37 30 -26423.0234
 37 31  272884.656
 37 32 -302628.562
 37 33  24975.0898
 37 34 -2329.29858
 37 35  218921.891
 37 36  531470.938
 37 37  1798282.25
 37 38  171346.469
 37 39 -39.4696732
 37 40 -23057.5977
 37 41  1138.43079
 37 42  32860.6016
 37 43  28561.3418
 37 44  26868.7891
 37 45  2087.03711
 38 1  380236.688
 38 2  16599.2012
 38 3 -58719.207
 38 4  8410.29004
 38 5  36936.4766
 38 6  12705.0576
 38 7 -9131.16797
 38 8  26111.3828
 38 9  71.9678421
 38 10  1430.43176
 38 11 -1939.05969
 38 12 -4034.53589
 38 13  5646.87402
 38 14  1450.74365
 38 15  243.202408
 38 16  1057304.5
 38 17  600053.125
 38 18  177.07489
 38 19  99475.7969
 38 20  87602.8203
 38 21 -37763.875
 38 22 -24536.8887
 38 23  171421.
 38 24  24411.9492
 38 25 -3509.45972
 38 26  2032.66858
 38 27  21139.7363
 38 28  8479.17188
 38 29 -6215.85986
 38 30 -15189.7734
 38 31  3115818.
 38 32  121483.
 38 33  404099.062
 38 34  117668.93
 38 35  145047.688
 38 36  45636.7539
 38 37  171346.469
 38 38  1058999.12
 38 39  154467.047
 38 40  21708.0664
 38 41 -23461.3926
 38 42 -39273.9414
 38 43  14606.3701
 38 44  6322.93262
 38 45 -933.013916
 39 1  117628.758
 39 2  21072.0918
 39 3  2138.67603
 39 4  51347.4727
 39 5  47829.2031
 39 6  35605.1133
 39 7 -11655.7686
 39 8  2791.96216
 39 9  7962.22998
 39 10  2908.46948
 39 11 -1038.87903
 39 12 -1005.18805
 39 13 -6289.52441
 39 14 -3502.83813
 39 15 -708.30542
 39 16 -377955.469
 39 17  126145.289
 39 18  1638.87292
 39 19  41208.3047
 39 20  102208.859
 39 21  43909.5156
 39 22 -32594.7344
 39 23 -31790.1777
 39 24  68256.6406
 39 25  27358.7617
 39 26  15261.2012
 39 27  22242.1367
 39 28 -11581.7744
 39 29  764.050171
 39 30  3201.2229
 39 31  857660.25
 39 32  470043.625
 39 33 -123284.305
 39 34  267032.062
 39 35  174265.375
 39 36  32627.8008
 39 37 -39.4696732
 39 38  154467.047
 39 39  702015.812
 39 40  132888.062
 39 41  31177.1426
 39 42  6800.0459
 39 43  7126.41357
 39 44 -5634.10449
 39 45  11765.1211
 40 1  15086.126
 40 2  77782.8906
 40 3  10803.5127
 40 4  8293.08691
 40 5  5506.13672
 40 6  10193.1855
 40 7 -15448.0908
 40 8 -4606.71729
 40 9 -2039.65686
 40 10  25493.8516
 40 11  6130.06592
 40 12 -6239.64648
 40 13 -12439.1172
 40 14  706.066101
 40 15  6723.54688
 40 16  645462.25
 40 17 -69918.0156
 40 18 -3344.15259
 40 19  129360.703
 40 20 -74477.7344
 40 21 -20507.3711
 40 22 -45509.9023
 40 23 -9590.97363
 40 24 -9166.77539
 40 25  82044.4922
 40 26  7390.66211
 40 27 -516.991455
 40 28 -8219.03418
 40 29  1696.86267
 40 30 -5219.12988
 40 31  690482.
 40 32  91197.7344
 40 33 -115601.219
 40 34 -120927.273
 40 35  124228.828
 40 36  35529.293
 40 37 -23057.5977
 40 38  21708.0664
 40 39  132888.062
 40 40  551398.062
 40 41  73440.0781
 40 42 -8031.49658
 40 43  15476.6338
 40 44 -3817.59058
 40 45 -4242.9043
 41 1 -255764.688
 41 2 -71379.4062
 41 3  37420.0234
 41 4  60157.4883
 41 5  16108.7539
 41 6  15747.6543
 41 7  3424.72168
 41 8 -4056.65039
 41 9 -7907.50391
 41 10 -3484.99268
 41 11  7034.57812
 41 12 -1339.86365
 41 13 -297.813843
 41 14 -564.484741
 41 15 -1190.38708
 41 16 -310581.75
 41 17 -230317.125
 41 18  196555.344
 41 19  78977.5547
 41 20  44969.5898
 41 21 -31755.0703
 41 22  2633.8291
 41 23 -32613.9316
 41 24 -27960.3496
 41 25 -3265.84692
 41 26  17748.1074
 41 27  1835.33765
 41 28  13835.373
 41 29  13503.6953
 41 30  1797.5647
 41 31 -442876.062
 41 32  23599.5215
 41 33  159323.703
 41 34 -31156.4941
 41 35  56335.1797
 41 36  8851.01562
 41 37  1138.43079
 41 38 -23461.3926
 41 39  31177.1426
 41 40  73440.0781
 41 41  383010.938
 41 42  52364.168
 41 43  38526.9219
 41 44  11909.2842
 41 45  2219.95898
 42 1  157349.594
 42 2 -63864.0586
 42 3  59077.4609
 42 4  44134.1445
 42 5 -1630.41907
 42 6 -6522.62061
 42 7  19435.9531
 42 8  1882.24683
 42 9 -1919.53589
 42 10 -7135.13721
 42 11 -4812.46387
 42 12  10238.9873
 42 13 -1900.38831
 42 14  1020.93414
 42 15 -5581.87793
 42 16  451451.438
 42 17 -3426.81738
 42 18 -185434.656
 42 19  53905.9883
 42 20 -39331.0234
 42 21 -36126.3125
 42 22  2689.01392
 42 23 -17015.8633
 42 24  29219.541
 42 25 -12935.4336
 42 26 -22040.6797
 42 27  43990.1211
 42 28  21796.0566
 42 29 -7537.20312
 42 30  11083.1719
 42 31  451019.375
 42 32  381361.344
 42 33  73751.7188
 42 34  83098.2266
 42 35  5496.58203
 42 36  79049.6719
 42 37  32860.6016
 42 38 -39273.9414
 42 39  6800.0459
 42 40 -8031.49658
 42 41  52364.168
 42 42  274721.25
 42 43  47591.9375
 42 44  17347.7695
 42 45 -6447.08594
 43 1 -128637.891
 43 2 -7113.59375
 43 3  18790.1484
 43 4 -1154.57678
 43 5  6684.51465
 43 6  10974.8984
 43 7  1523.14819
 43 8 -4485.3999
 43 9 -2743.90332
 43 10 -11650.0029
 43 11 -8548.55469
 43 12 -7610.78174
 43 13  6093.61621
 43 14  1543.11597
 43 15 -1214.47473
 43 16  772624.688
 43 17  353016.75
 43 18  170764.375
 43 19  30572.3184
 43 20  37761.3594
 43 21  33643.6719
 43 22  31902.0352
 43 23 -1975.5033
 43 24 -4673.76953
 43 25 -5031.58887
 43 26 -16637.6699
 43 27 -1889.14331
 43 28  48388.0391
 43 29  3584.27881
 43 30  2825.49902
 43 31  813323.
 43 32  422342.062
 43 33  148072.172
 43 34 -6105.59863
 43 35  75461.2578
 43 36  82645.5312
 43 37  28561.3418
 43 38  14606.3701
 43 39  7126.41357
 43 40  15476.6338
 43 41  38526.9219
 43 42  47591.9375
 43 43  243188.547
 43 44  45730.8008
 43 45  2308.84229
 44 1  84852.5469
 44 2  45424.4922
 44 3  64068.2773
 44 4 -11556.5752
 44 5  5909.01758
 44 6 -5184.2998
 44 7  224.617081
 44 8 -2223.9812
 44 9 -4337.88379
 44 10 -1757.07886
 44 11 -3811.4502
 44 12 -1608.03638
 44 13  729.880737
 44 14  2092.40796
 44 15  1042.65881
 44 16  413722.
 44 17 -377903.156
 44 18 -119662.359
 44 19 -11936.6562
 44 20 -10302.3203
 44 21  12973.584
 44 22  16952.2461
 44 23  5261.67969
 44 24  1378.52478
 44 25  3235.16821
 44 26 -10933.9717
 44 27 -2578.09448
 44 28  751.606628
 44 29  20866.8848
 44 30 -1131.49463
 44 31  1197158.5
 44 32  83667.7188
 44 33 -6709.53027
 44 34 -15906.623
 44 35  55842.3945
 44 36  43057.2227
 44 37  26868.7891
 44 38  6322.93262
 44 39 -5634.10449
 44 40 -3817.59058
 44 41  11909.2842
 44 42  17347.7695
 44 43  45730.8008
 44 44  181894.844
 44 45  38470.707
 45 1  71539.9688
 45 2  105525.945
 45 3 -2650.77368
 45 4  18962.6113
 45 5  31241.0645
 45 6  24242.4473
 45 7  13631.9736
 45 8  3899.81641
 45 9 -4279.54932
 45 10 -535.224426
 45 11 -3517.20825
 45 12 -521.045898
 45 13  2256.55298
 45 14  3912.36011
 45 15  2341.57544
 45 16 -464039.156
 45 17  69047.5
 45 18 -53865.0938
 45 19  27892.5703
 45 20  32070.1328
 45 21  46195.4531
 45 22 -17451.0059
 45 23 -18800.0449
 45 24  2935.30811
 45 25  6904.14062
 45 26 -8884.36328
 45 27 -2406.88306
 45 28 -2077.45679
 45 29  6533.77979
 45 30  18499.0586
 45 31 -168767.766
 45 32  21841.3125
 45 33 -99057.0703
 45 34  84126.5703
 45 35  33023.8164
 45 36  22430.5176
 45 37  2087.03711
 45 38 -933.013916
 45 39  11765.1211
 45 40 -4242.9043
 45 41  2219.95898
 45 42 -6447.08594
 45 43  2308.84229
 45 44  38470.707
 45 45  157270.609