 1 1  74118056.
 1 2  7953677.5
 1 3  855595.438
 1 4 -420714.094
 1 5 -22077.0098
 1 6  237240.
 1 7 -139640.672
 1 8  1733.98486
 1 9 -2739.1189
 1 10  17102.5195
 1 11 -28351.9199
 1 12  14768.7002
 1 13  33274.9062
 1 14  19185.1758
 1 15 -20987.7461
 1 16 -20101200.
 1 17  2769853.25
 1 18  1301190.12
 1 19  709892.312
 1 20 -397232.375
 1 21 -219455.781
 1 22 -221868.125
 1 23 -419423.344
 1 24 -182335.406
 1 25  115523.469
 1 26 -137196.016
 1 27 -99032.25
 1 28  51250.293
 1 29  4603.77344
 1 30 -63733.2969
 1 31  123591960.
 1 32  4432306.5
 1 33  58939.7969
 1 34 -477480.469
 1 35 -440292.562
 1 36  789335.
 1 37 -130368.312
 1 38  342196.844
 1 39 -334166.469
 1 40 -29209.9219
 1 41  311105.906
 1 42  148070.547
 1 43 -4421.32471
 1 44 -265762.5
 1 45 -349711.562
 2 1  7953677.5
 2 2  14355684.
 2 3  2360172.75
 2 4  550989.5
 2 5  403399.875
 2 6  225300.219
 2 7  48793.0977
 2 8  97335.375
 2 9  26706.9219
 2 10  31081.5898
 2 11  68204.6016
 2 12  84562.3125
 2 13  36912.2148
 2 14  37784.293
 2 15  32057.7988
 2 16 -669222.688
 2 17  4709899.5
 2 18  2489786.
 2 19  537994.188
 2 20  422350.688
 2 21  148384.5
 2 22  71171.3125
 2 23  267047.438
 2 24  48774.4766
 2 25  6669.64258
 2 26 -28436.0625
 2 27  46028.0039
 2 28  110286.578
 2 29 -48997.793
 2 30  60905.4844
 2 31  13077916.
 2 32  5290378.5
 2 33  203752.141
 2 34  63939.2227
 2 35  159874.094
 2 36 -28568.8867
 2 37 -287198.625
 2 38  190714.172
 2 39  49938.3555
 2 40 -103980.617
 2 41  98985.4688
 2 42  15183.4775
 2 43 -39546.8789
 2 44 -103315.867
 2 45 -41817.7891
 3 1  855595.438
 3 2  2360172.75
 3 3  3450699.75
 3 4  601611.562
 3 5  223640.875
 3 6  101897.516
 3 7  99366.2812
 3 8  64423.6211
 3 9  33982.7344
 3 10  40587.7383
 3 11  35591.5664
 3 12  36356.5234
 3 13  18786.082
 3 14  14841.6006
 3 15  12277.9033
 3 16 -3207.01147
 3 17  1105244.75
 3 18  2174131.
 3 19  545720.875
 3 20  370835.938
 3 21  177806.234
 3 22  127929.219
 3 23  107623.461
 3 24  69298.3828
 3 25  62683.7969
 3 26  56100.2656
 3 27  57235.8789
 3 28  78916.3906
 3 29  17283.7598
 3 30  17961.6641
 3 31 -46659.2031
 3 32  1691965.62
 3 33  1954898.25
 3 34 -63948.6797
 3 35 -8122.1792
 3 36  24107.6465
 3 37  49988.2227
 3 38  175495.297
 3 39  75455.7812
 3 40  79426.3438
 3 41  58175.5391
 3 42  21169.668
 3 43  24438.7109
 3 44  20486.4727
 3 45  40063.4414
 4 1 -420714.094
 4 2  550989.5
 4 3  601611.562
 4 4  1023942.69
 4 5  168207.156
 4 6  67240.6953
 4 7  38442.8711
 4 8  18375.2188
 4 9  6714.24707
 4 10  7160.57812
 4 11  14102.5615
 4 12  12127.7402
 4 13  971.940979
 4 14  3866.88843
 4 15  7694.44531
 4 16  1458691.5
 4 17  944677.
 4 18  667495.688
 4 19  601602.562
 4 20  128671.18
 4 21  58652.4688
 4 22  87446.2578
 4 23  25953.6484
 4 24  7997.57422
 4 25  17472.0703
 4 26  20643.6035
 4 27 -6374.19775
 4 28  15005.6172
 4 29 -278.975616
 4 30  14369.2227
 4 31 -1628467.62
 4 32  255112.328
 4 33  463576.062
 4 34  639170.438
 4 35 -84460.75
 4 36  1153.1366
 4 37  30903.9492
 4 38  8164.17676
 4 39 -9060.1543
 4 40  21027.8633
 4 41  19784.3945
 4 42  21706.3145
 4 43 -10418.2334
 4 44  13657.1504
 4 45  19465.8418
 5 1 -22077.0098
 5 2  403399.875
 5 3  223640.875
 5 4  168207.156
 5 5  458882.
 5 6  98171.0703
 5 7  50845.6523
 5 8  28939.4512
 5 9  13673.7266
 5 10  16755.5684
 5 11  18689.3105
 5 12  15499.4766
 5 13  14448.3271
 5 14  9283.85254
 5 15  5770.66797
 5 16 -573783.75
 5 17  108286.836
 5 18  157277.922
 5 19  56247.1641
 5 20  183056.531
 5 21  128792.453
 5 22  20718.7754
 5 23  6748.58838
 5 24  13216.2939
 5 25  16667.8828
 5 26  22640.5918
 5 27  18421.502
 5 28  12342.0811
 5 29  1323.89258
 5 30  12822.9785
 5 31 -1562978.
 5 32  24624.5059
 5 33  155885.438
 5 34 -32730.8281
 5 35  179814.953
 5 36  19738.1562
 5 37 -2135.84155
 5 38  9470.29297
 5 39 -8492.33496
 5 40 -1968.55518
 5 41  7864.72461
 5 42  42496.5195
 5 43  2824.45972
 5 44  7494.97119
 5 45  6747.09229
 6 1  237240.
 6 2  225300.219
 6 3  101897.516
 6 4  67240.6953
 6 5  98171.0703
 6 6  238105.734
 6 7  64053.4648
 6 8  21131.7246
 6 9  15162.4756
 6 10  13100.9463
 6 11  10635.3008
 6 12  14003.4424
 6 13  7266.78662
 6 14  6454.17676
 6 15  6107.68701
 6 16 -233557.047
 6 17 -37934.7461
 6 18  127969.773
 6 19  62781.6875
 6 20  42391.6602
 6 21  124375.719
 6 22  24193.2168
 6 23  16078.9551
 6 24  31411.6738
 6 25  27101.8008
 6 26  19501.0898
 6 27  16326.7744
 6 28  14596.7354
 6 29  8492.42969
 6 30  7032.10645
 6 31 -31430.6211
 6 32 -42936.2461
 6 33  67099.0625
 6 34 -10659.5547
 6 35 -68178.5625
 6 36  123892.758
 6 37  20297.3496
 6 38  13429.1455
 6 39  3123.29761
 6 40  12164.1523
 6 41  23010.7051
 6 42  21992.9609
 6 43  100.794884
 6 44  4308.14355
 6 45  1544.00525
 7 1 -139640.672
 7 2  48793.0977
 7 3  99366.2812
 7 4  38442.8711
 7 5  50845.6523
 7 6  64053.4648
 7 7  134334.078
 7 8  36167.1836
 7 9  14673.1152
 7 10  10302.0732
 7 11  7482.71484
 7 12  7324.72607
 7 13  7167.69678
 7 14  5055.979
 7 15  6357.76123
 7 16  157229.516
 7 17 -102857.414
 7 18  144632.672
 7 19  66302.8203
 7 20  21871.541
 7 21  32508.6367
 7 22  54167.7422
 7 23  333.75708
 7 24  8186.03516
 7 25  6132.10303
 7 26  13741.2334
 7 27  5460.13525
 7 28  15588.7354
 7 29  3109.54614
 7 30  4531.97168
 7 31 -1009530.75
 7 32 -180928.234
 7 33  104461.633
 7 34 -25163.502
 7 35 -1970.38208
 7 36 -9347.34961
 7 37  58096.0742
 7 38  10069.8887
 7 39  4328.76709
 7 40  2694.86621
 7 41  23451.4336
 7 42  22248.3223
 7 43  5341.28467
 7 44  4436.82324
 7 45  7604.82471
 8 1  1733.98486
 8 2  97335.375
 8 3  64423.6211
 8 4  18375.2188
 8 5  28939.4512
 8 6  21131.7246
 8 7  36167.1836
 8 8  86835.8047
 8 9  18047.1797
 8 10  9627.31152
 8 11  6612.26465
 8 12  8620.55859
 8 13  5958.81299
 8 14  5756.17725
 8 15  6290.26416
 8 16 -100970.469
 8 17 -94540.4766
 8 18  23047.209
 8 19  35683.4258
 8 20  59757.6992
 8 21  24032.8125
 8 22  26996.543
 8 23  39715.4883
 8 24  16460.873
 8 25  6442.00146
 8 26  14519.6436
 8 27  9290.10156
 8 28  7687.46924
 8 29  2970.72119
 8 30  4464.20508
 8 31 -265967.438
 8 32  9087.50781
 8 33  99455.2578
 8 34 -3077.50269
 8 35 -14912.3066
 8 36 -27474.8672
 8 37 -7507.521
 8 38  43994.3516
 8 39  8673.11328
 8 40  169.284714
 8 41  9356.86328
 8 42  8130.70996
 8 43  2517.47534
 8 44 -586.71051
 8 45 -1524.69189
 9 1 -2739.1189
 9 2  26706.9219
 9 3  33982.7344
 9 4  6714.24707
 9 5  13673.7266
 9 6  15162.4756
 9 7  14673.1152
 9 8  18047.1797
 9 9  55999.3047
 9 10  15761.1777
 9 11  6269.4751
 9 12  3742.12793
 9 13  3252.17432
 9 14  3826.76416
 9 15  1799.79883
 9 16  18038.8984
 9 17 -124771.945
 9 18  29010.9668
 9 19  28647.2344
 9 20  4695.39795
 9 21  17962.5391
 9 22  9840.5498
 9 23  11813.8252
 9 24  23121.8945
 9 25  4332.30078
 9 26  6453.69824
 9 27  3959.17969
 9 28  2941.60889
 9 29  3793.32739
 9 30  2199.17261
 9 31 -157474.281
 9 32  13433.3174
 9 33  54444.0977
 9 34 -5781.96143
 9 35 -28852.9453
 9 36  12767.624
 9 37  3033.5564
 9 38  10884.5293
 9 39  15863.6699
 9 40 -4832.89746
 9 41  1124.26758
 9 42 -4001.5376
 9 43 -2949.64087
 9 44  5192.12891
 9 45  2121.50562
 10 1  17102.5195
 10 2  31081.5898
 10 3  40587.7383
 10 4  7160.57812
 10 5  16755.5684
 10 6  13100.9463
 10 7  10302.0732
 10 8  9627.31152
 10 9  15761.1777
 10 10  41804.9883
 10 11  10155.4111
 10 12  7276.39062
 10 13  3836.52344
 10 14  2507.66089
 10 15  2420.9436
 10 16 -224037.406
 10 17 -106912.883
 10 18  57839.8906
 10 19  11897.7627
 10 20  9006.95215
 10 21  10747.1348
 10 22  9048.72852
 10 23  1875.78174
 10 24  14272.752
 10 25  13543.2871
 10 26  555.064697
 10 27  5176.38086
 10 28  4563.19336
 10 29  4275.98438
 10 30  4902.37354
 10 31 -155583.031
 10 32  119.233604
 10 33  125859.891
 10 34  27080.1406
 10 35  7794.53369
 10 36  36320.6133
 10 37  9024.50586
 10 38  2867.93701
 10 39  6827.19531
 10 40  10552.8145
 10 41 -1282.76062
 10 42 -3326.8584
 10 43  180.019821
 10 44  1217.05359
 10 45 -6568.75586
 11 1 -28351.9199
 11 2  68204.6016
 11 3  35591.5664
 11 4  14102.5615
 11 5  18689.3105
 11 6  10635.3008
 11 7  7482.71484
 11 8  6612.26465
 11 9  6269.4751
 11 10  10155.4111
 11 11  32249.4512
 11 12  8452.74512
 11 13  4465.73193
 11 14  3141.64453
 11 15  2740.01562
 11 16 -109180.695
 11 17 -60078.5391
 11 18  61445.4062
 11 19 -11317.4463
 11 20  11619.6992
 11 21  17798.3496
 11 22  3299.79126
 11 23  4597.4458
 11 24  6817.4292
 11 25  6082.42676
 11 26  7091.604
 11 27  5420.79492
 11 28 -1004.06793
 11 29  1496.38257
 11 30  1105.63843
 11 31 -248816.5
 11 32 -61787.75
 11 33 -6106.25635
 11 34 -30279.4277
 11 35 -10981.8779
 11 36 -14462.333
 11 37 -8996.95508
 11 38  6631.41699
 11 39  11509.2393
 11 40  1897.5293
 11 41  8066.90576
 11 42  5196.80225
 11 43 -7851.09766
 11 44  1983.4165
 11 45 -700.652893
 12 1  14768.7002
 12 2  84562.3125
 12 3  36356.5234
 12 4  12127.7402
 12 5  15499.4766
 12 6  14003.4424
 12 7  7324.72607
 12 8  8620.55859
 12 9  3742.12793
 12 10  7276.39062
 12 11  8452.74512
 12 12  26529.0801
 12 13  7034.3501
 12 14  3077.04565
 12 15  1677.84802
 12 16 -294514.125
 12 17 -53639.3711
 12 18  20991.9121
 12 19 -10276.9473
 12 20  1770.33301
 12 21  11705.2383
 12 22  5625.73242
 12 23  4528.20166
 12 24  9477.89648
 12 25  1321.19873
 12 26  921.061768
 12 27  8034.34521
 12 28  4810.1001
 12 29  3577.27197
 12 30  2497.82104
 12 31 -24606.0762
 12 32  35842.2656
 12 33  23488.6816
 12 34  50631.3555
 12 35  9063.71875
 12 36 -9287.91406
 12 37 -265.907257
 12 38  7549.94922
 12 39  2686.88428
 12 40  1262.58069
 12 41  3669.00879
 12 42  9044.10938
 12 43 -2570.32471
 12 44  1912.20618
 12 45 -2089.72021
 13 1  33274.9062
 13 2  36912.2148
 13 3  18786.082
 13 4  971.940979
 13 5  14448.3271
 13 6  7266.78662
 13 7  7167.69678
 13 8  5958.81299
 13 9  3252.17432
 13 10  3836.52344
 13 11  4465.73193
 13 12  7034.3501
 13 13  20017.
 13 14  5622.68701
 13 15  2168.37891
 13 16 -47796.6289
 13 17 -4471.20703
 13 18  17900.7734
 13 19 -31302.3242
 13 20 -962.749146
 13 21  7345.39062
 13 22  5233.00293
 13 23  964.812622
 13 24 -1920.27722
 13 25  2038.71301
 13 26  1966.37219
 13 27  3883.96338
 13 28  4514.75195
 13 29  2358.89551
 13 30  2067.29492
 13 31 -78742.0703
 13 32 -9797.32227
 13 33 -28741.0195
 13 34 -4667.65234
 13 35  311.909241
 13 36 -295.454437
 13 37 -904.399231
 13 38 -562.939087
 13 39  8092.48096
 13 40 -1980.8833
 13 41 -865.193909
 13 42 -250.629745
 13 43  5833.05518
 13 44 -1466.58997
 13 45  900.870483
 14 1  19185.1758
 14 2  37784.293
 14 3  14841.6006
 14 4  3866.88843
 14 5  9283.85254
 14 6  6454.17676
 14 7  5055.979
 14 8  5756.17725
 14 9  3826.76416
 14 10  2507.66089
 14 11  3141.64453
 14 12  3077.04565
 14 13  5622.68701
 14 14  15598.2256
 14 15  4983.58301
 14 16 -32323.2109
 14 17 -4406.83984
 14 18  51549.4258
 14 19  859.304565
 14 20  14945.998
 14 21  6571.78564
 14 22  2559.94946
 14 23  3311.96411
 14 24  5655.11377
 14 25  1851.27905
 14 26  740.261292
 14 27  2326.8313
 14 28  2085.92407
 14 29  4841.43799
 14 30  2354.26489
 14 31  4283.97168
 14 32 -55340.4883
 14 33 -6348.10205
 14 34  17090.2852
 14 35  7320.14795
 14 36 -2010.76428
 14 37  573.016235
 14 38  2444.94727
 14 39 -1010.47363
 14 40 -2385.97852
 14 41 -3955.78271
 14 42  399.326172
 14 43  5273.67871
 14 44  4607.02734
 14 45  4135.43359
 15 1 -20987.7461
 15 2  32057.7988
 15 3  12277.9033
 15 4  7694.44531
 15 5  5770.66797
 15 6  6107.68701
 15 7  6357.76123
 15 8  6290.26416
 15 9  1799.79883
 15 10  2420.9436
 15 11  2740.01562
 15 12  1677.84802
 15 13  2168.37891
 15 14  4983.58301
 15 15  13389.2354
 15 16  14458.373
 15 17  10361.3711
 15 18  40877.2734
 15 19  14960.6758
 15 20  7149.92139
 15 21  5442.95312
 15 22  3537.2168
 15 23  7356.07324
 15 24  259.119751
 15 25  514.280762
 15 26  2163.0791
 15 27  1918.98804
 15 28  3274.17627
 15 29  3102.5481
 15 30  3791.44873
 15 31  56460.8047
 15 32 -67800.2656
 15 33 -45283.3984
 15 34  28021.5352
 15 35  3108.35425
 15 36 -17031.3711
 15 37  5543.4502
 15 38  3294.99731
 15 39  3313.44214
 15 40 -4208.3501
 15 41 -798.709961
 15 42 -1846.08936
 15 43  254.342209
 15 44  295.66571
 15 45  3840.73926
 16 1 -20101200.
 16 2 -669222.688
 16 3 -3207.01147
 16 4  1458691.5
 16 5 -573783.75
 16 6 -233557.047
 16 7  157229.516
 16 8 -100970.469
 16 9  18038.8984
 16 10 -224037.406
 16 11 -109180.695
 16 12 -294514.125
 16 13 -47796.6289
 16 14 -32323.2109
 16 15  14458.373
 16 16  390855168.
 16 17  32148940.
 16 18  2397004.75
 16 19  1539057.
 16 20  1645345.12
 16 21  1011892.88
 16 22  499602.875
 16 23  620221.625
 16 24  312728.938
 16 25  786884.312
 16 26  713734.75
 16 27 -298824.781
 16 28  317196.156
 16 29  443431.969
 16 30 -256641.547
 16 31  76264752.
 16 32 -4172095.
 16 33  2664557.25
 16 34  1995589.75
 16 35  1114580.
 16 36  735862.125
 16 37  756732.812
 16 38  989359.5
 16 39  417992.062
 16 40  288077.594
 16 41 -434980.625
 16 42  136491.266
 16 43 -198747.828
 16 44 -111161.602
 16 45  100538.203
 17 1  2769853.25
 17 2  4709899.5
 17 3  1105244.75
 17 4  944677.
 17 5  108286.836
 17 6 -37934.7461
 17 7 -102857.414
 17 8 -94540.4766
 17 9 -124771.945
 17 10 -106912.883
 17 11 -60078.5391
 17 12 -53639.3711
 17 13 -4471.20703
 17 14 -4406.83984
 17 15  10361.3711
 17 16  32148940.
 17 17  64820648.
 17 18  8306078.
 17 19  1139297.25
 17 20  1062778.88
 17 21  763146.75
 17 22 -89465.7344
 17 23  298030.094
 17 24  603132.875
 17 25  161788.609
 17 26  296049.
 17 27  135759.828
 17 28  262437.469
 17 29  94852.4297
 17 30  51903.1367
 17 31  15095806.
 17 32  2149598.5
 17 33 -1697396.12
 17 34  330095.594
 17 35 -128276.719
 17 36  797926.312
 17 37  133338.875
 17 38  178546.922
 17 39  318437.781
 17 40  264238.719
 17 41 -61303.207
 17 42  126751.727
 17 43  89937.6953
 17 44  5069.88623
 17 45  186823.25
 18 1  1301190.12
 18 2  2489786.
 18 3  2174131.
 18 4  667495.688
 18 5  157277.922
 18 6  127969.773
 18 7  144632.672
 18 8  23047.209
 18 9  29010.9668
 18 10  57839.8906
 18 11  61445.4062
 18 12  20991.9121
 18 13  17900.7734
 18 14  51549.4258
 18 15  40877.2734
 18 16  2397004.75
 18 17  8306078.
 18 18  19185694.
 18 19  2242034.75
 18 20  828925.312
 18 21  864351.375
 18 22  219418.281
 18 23  167182.984
 18 24  238479.375
 18 25  202293.141
 18 26  214968.375
 18 27  100292.781
 18 28  119820.898
 18 29 -19313.8242
 18 30  74509.4297
 18 31  2752635.5
 18 32  387672.656
 18 33  4404921.
 18 34  1265747.62
 18 35 -109761.102
 18 36  630032.688
 18 37  207143.766
 18 38  208668.516
 18 39  17121.3984
 18 40  83057.4844
 18 41 -8563.81738
 18 42  93544.9062
 18 43  66486.2578
 18 44  96439.9609
 18 45  96456.8906
 19 1  709892.312
 19 2  537994.188
 19 3  545720.875
 19 4  601602.562
 19 5  56247.1641
 19 6  62781.6875
 19 7  66302.8203
 19 8  35683.4258
 19 9  28647.2344
 19 10  11897.7627
 19 11 -11317.4463
 19 12 -10276.9473
 19 13 -31302.3242
 19 14  859.304565
 19 15  14960.6758
 19 16  1539057.
 19 17  1139297.25
 19 18  2242034.75
 19 19  6448683.5
 19 20  962929.312
 19 21  215011.5
 19 22  95725.4688
 19 23  60691.3555
 19 24  27657.4199
 19 25  119012.602
 19 26  88660.9688
 19 27 -68158.5156
 19 28  80934.7109
 19 29  29622.6738
 19 30  55439.9648
 19 31  4202817.5
 19 32  1707124.12
 19 33  668308.75
 19 34  1988836.38
 19 35  175374.016
 19 36  290284.219
 19 37  53601.0977
 19 38  178985.594
 19 39 -49203.5195
 19 40 -42454.3984
 19 41 -48320.3125
 19 42 -7123.56104
 19 43  18116.4746
 19 44  26306.0234
 19 45  37312.4023
 20 1 -397232.375
 20 2  422350.688
 20 3  370835.938
 20 4  128671.18
 20 5  183056.531
 20 6  42391.6602
 20 7  21871.541
 20 8  59757.6992
 20 9  4695.39795
 20 10  9006.95215
 20 11  11619.6992
 20 12  1770.33301
 20 13 -962.749146
 20 14  14945.998
 20 15  7149.92139
 20 16  1645345.12
 20 17  1062778.88
 20 18  828925.312
 20 19  962929.312
 20 20  2580194.75
 20 21  596348.
 20 22  240025.094
 20 23  127085.773
 20 24  63783.7969
 20 25  40503.7109
 20 26  72924.1797
 20 27  57655.707
 20 28  36948.0938
 20 29  13670.1836
 20 30  19637.4512
 20 31 -939397.062
 20 32  620703.438
 20 33  875701.188
 20 34  170973.203
 20 35  546902.938
 20 36  145366.812
 20 37 -12703.0977
 20 38  94874.7109
 20 39  70787.5312
 20 40  17958.7344
 20 41  29073.5391
 20 42  41483.75
 20 43 -32812.5195
 20 44  11950.0762
 20 45  28694.7188
 21 1 -219455.781
 21 2  148384.5
 21 3  177806.234
 21 4  58652.4688
 21 5  128792.453
 21 6  124375.719
 21 7  32508.6367
 21 8  24032.8125
 21 9  17962.5391
 21 10  10747.1348
 21 11  17798.3496
 21 12  11705.2383
 21 13  7345.39062
 21 14  6571.78564
 21 15  5442.95312
 21 16  1011892.88
 21 17  763146.75
 21 18  864351.375
 21 19  215011.5
 21 20  596348.
 21 21  1633726.25
 21 22  398252.594
 21 23  105560.023
 21 24  109133.773
 21 25  63274.2812
 21 26  61506.7695
 21 27  46779.7578
 21 28  41734.0977
 21 29  14350.7295
 21 30  11734.8213
 21 31 -1975688.
 21 32 -32937.1914
 21 33  66111.7266
 21 34 -64366.2461
 21 35 -112173.359
 21 36  355636.5
 21 37 -39121.0391
 21 38 -18074.2832
 21 39  23070.877
 21 40 -8300.63086
 21 41  6662.69727
 21 42  30719.375
 21 43 -9276.76855
 21 44 -14958.5439
 21 45  8299.13672
 22 1 -221868.125
 22 2  71171.3125
 22 3  127929.219
 22 4  87446.2578
 22 5  20718.7754
 22 6  24193.2168
 22 7  54167.7422
 22 8  26996.543
 22 9  9840.5498
 22 10  9048.72852
 22 11  3299.79126
 22 12  5625.73242
 22 13  5233.00293
 22 14  2559.94946
 22 15  3537.2168
 22 16  499602.875
 22 17 -89465.7344
 22 18  219418.281
 22 19  95725.4688
 22 20  240025.094
 22 21  398252.594
 22 22  732774.625
 22 23  165606.922
 22 24  75787.1016
 22 25  36684.0039
 22 26  35560.7344
 22 27  21180.3887
 22 28  39355.4219
 22 29  8355.86426
 22 30  20582.998
 22 31 -1285695.88
 22 32  214481.594
 22 33  2215.90796
 22 34 -88071.3828
 22 35  30956.0527
 22 36  85984.8906
 22 37  119820.438
 22 38  53213.2695
 22 39  29094.1309
 22 40  31905.5215
 22 41 -11012.4609
 22 42  13592.6885
 22 43  6417.33936
 22 44 -15993.042
 22 45  10507.5391
 23 1 -419423.344
 23 2  267047.438
 23 3  107623.461
 23 4  25953.6484
 23 5  6748.58838
 23 6  16078.9551
 23 7  333.75708
 23 8  39715.4883
 23 9  11813.8252
 23 10  1875.78174
 23 11  4597.4458
 23 12  4528.20166
 23 13  964.812622
 23 14  3311.96411
 23 15  7356.07324
 23 16  620221.625
 23 17  298030.094
 23 18  167182.984
 23 19  60691.3555
 23 20  127085.773
 23 21  105560.023
 23 22  165606.922
 23 23  472155.844
 23 24  102234.922
 23 25  46999.6328
 23 26  22001.7148
 23 27  10419.8438
 23 28  10977.9395
 23 29  6573.13281
 23 30  1745.9906
 23 31 -1505738.
 23 32  586282.
 23 33 -59623.3281
 23 34 -8517.31543
 23 35  8858.82129
 23 36 -41532.0508
 23 37  9994.22754
 23 38  97692.7578
 23 39  33749.3438
 23 40  8082.62646
 23 41 -30629.6074
 23 42  3207.23535
 23 43  1628.54028
 23 44 -5283.14404
 23 45  3094.35156
 24 1 -182335.406
 24 2  48774.4766
 24 3  69298.3828
 24 4  7997.57422
 24 5  13216.2939
 24 6  31411.6738
 24 7  8186.03516
 24 8  16460.873
 24 9  23121.8945
 24 10  14272.752
 24 11  6817.4292
 24 12  9477.89648
 24 13 -1920.27722
 24 14  5655.11377
 24 15  259.119751
 24 16  312728.938
 24 17  603132.875
 24 18  238479.375
 24 19  27657.4199
 24 20  63783.7969
 24 21  109133.773
 24 22  75787.1016
 24 23  102234.922
 24 24  336518.438
 24 25  63265.4102
 24 26  20672.1328
 24 27  33869.6172
 24 28  26880.9238
 24 29  20063.9688
 24 30  18887.1875
 24 31 -902059.312
 24 32  143047.969
 24 33 -82441.0078
 24 34 -17794.9492
 24 35 -77910.3125
 24 36  27242.9395
 24 37  3278.61548
 24 38  38460.0273
 24 39  93942.0859
 24 40  37023.3789
 24 41 -752.795105
 24 42  18650.4805
 24 43  4130.78174
 24 44  13233.665
 24 45  16743.6543
 25 1  115523.469
 25 2  6669.64258
 25 3  62683.7969
 25 4  17472.0703
 25 5  16667.8828
 25 6  27101.8008
 25 7  6132.10303
 25 8  6442.00146
 25 9  4332.30078
 25 10  13543.2871
 25 11  6082.42676
 25 12  1321.19873
 25 13  2038.71301
 25 14  1851.27905
 25 15  514.280762
 25 16  786884.312
 25 17  161788.609
 25 18  202293.141
 25 19  119012.602
 25 20  40503.7109
 25 21  63274.2812
 25 22  36684.0039
 25 23  46999.6328
 25 24  63265.4102
 25 25  204308.094
 25 26  47567.9648
 25 27  19718.8984
 25 28  14848.7803
 25 29  9795.08789
 25 30  8344.61719
 25 31 -360145.438
 25 32 -167445.188
 25 33  60997.5859
 25 34  77296.5234
 25 35 -18170.3965
 25 36  29353.9766
 25 37 -1163.31555
 25 38  8222.05078
 25 39  25283.7461
 25 40  45286.4414
 25 41 -881.898743
 25 42  15178.126
 25 43  3163.13135
 25 44 -661.047546
 25 45  3577.11426
 26 1 -137196.016
 26 2 -28436.0625
 26 3  56100.2656
 26 4  20643.6035
 26 5  22640.5918
 26 6  19501.0898
 26 7  13741.2334
 26 8  14519.6436
 26 9  6453.69824
 26 10  555.064697
 26 11  7091.604
 26 12  921.061768
 26 13  1966.37219
 26 14  740.261292
 26 15  2163.0791
 26 16  713734.75
 26 17  296049.
 26 18  214968.375
 26 19  88660.9688
 26 20  72924.1797
 26 21  61506.7695
 26 22  35560.7344
 26 23  22001.7148
 26 24  20672.1328
 26 25  47567.9648
 26 26  170030.125
 26 27  36500.0859
 26 28  14495.4023
 26 29  8854.12207
 26 30  7267.75488
 26 31 -814323.625
 26 32 -142485.531
 26 33  40522.0547
 26 34  46885.1836
 26 35 -15806.7656
 26 36 -11823.2725
 26 37  13806.998
 26 38  18358.0859
 26 39  4398.56738
 26 40  17486.6523
 26 41  39125.6875
 26 42  18046.1699
 26 43  3978.12622
 26 44  177.987045
 26 45  12543.6816
 27 1 -99032.25
 27 2  46028.0039
 27 3  57235.8789
 27 4 -6374.19775
 27 5  18421.502
 27 6  16326.7744
 27 7  5460.13525
 27 8  9290.10156
 27 9  3959.17969
 27 10  5176.38086
 27 11  5420.79492
 27 12  8034.34521
 27 13  3883.96338
 27 14  2326.8313
 27 15  1918.98804
 27 16 -298824.781
 27 17  135759.828
 27 18  100292.781
 27 19 -68158.5156
 27 20  57655.707
 27 21  46779.7578
 27 22  21180.3887
 27 23  10419.8438
 27 24  33869.6172
 27 25  19718.8984
 27 26  36500.0859
 27 27  119189.32
 27 28  27982.6562
 27 29  14207.
 27 30  6632.13672
 27 31 -445184.156
 27 32 -142665.547
 27 33  45772.1016
 27 34 -74486.
 27 35 -25044.5918
 27 36 -2747.00171
 27 37  6740.71143
 27 38  19763.8633
 27 39  18605.1133
 27 40  7363.49707
 27 41  13783.0869
 27 42  15040.8486
 27 43 -4812.68115
 27 44 -1454.82361
 27 45  2818.3374
 28 1  51250.293
 28 2  110286.578
 28 3  78916.3906
 28 4  15005.6172
 28 5  12342.0811
 28 6  14596.7354
 28 7  15588.7354
 28 8  7687.46924
 28 9  2941.60889
 28 10  4563.19336
 28 11 -1004.06793
 28 12  4810.1001
 28 13  4514.75195
 28 14  2085.92407
 28 15  3274.17627
 28 16  317196.156
 28 17  262437.469
 28 18  119820.898
 28 19  80934.7109
 28 20  36948.0938
 28 21  41734.0977
 28 22  39355.4219
 28 23  10977.9395
 28 24  26880.9238
 28 25  14848.7803
 28 26  14495.4023
 28 27  27982.6562
 28 28  104739.125
 28 29  24584.8105
 28 30  13765.873
 28 31  229740.422
 28 32  282262.
 28 33  86593.9531
 28 34  17009.7109
 28 35 -23993.9941
 28 36 -15773.5615
 28 37  36461.7734
 28 38  14670.5127
 28 39  6619.35205
 28 40 -10990.7305
 28 41  2124.40576
 28 42  9308.44629
 28 43  9679.69531
 28 44  576.508301
 28 45  532.25415
 29 1  4603.77344
 29 2 -48997.793
 29 3  17283.7598
 29 4 -278.975616
 29 5  1323.89258
 29 6  8492.42969
 29 7  3109.54614
 29 8  2970.72119
 29 9  3793.32739
 29 10  4275.98438
 29 11  1496.38257
 29 12  3577.27197
 29 13  2358.89551
 29 14  4841.43799
 29 15  3102.5481
 29 16  443431.969
 29 17  94852.4297
 29 18 -19313.8242
 29 19  29622.6738
 29 20  13670.1836
 29 21  14350.7295
 29 22  8355.86426
 29 23  6573.13281
 29 24  20063.9688
 29 25  9795.08789
 29 26  8854.12207
 29 27  14207.
 29 28  24584.8105
 29 29  86497.8047
 29 30  22456.8633
 29 31 -347861.688
 29 32 -7193.19922
 29 33 -23197.8281
 29 34  18334.1172
 29 35 -26129.6582
 29 36 -26674.25
 29 37  11764.0586
 29 38  7684.71045
 29 39  4012.03003
 29 40  2376.68896
 29 41 -2531.73608
 29 42  2739.76245
 29 43  1572.43396
 29 44  15945.8457
 29 45 -67.7425079
 30 1 -63733.2969
 30 2  60905.4844
 30 3  17961.6641
 30 4  14369.2227
 30 5  12822.9785
 30 6  7032.10645
 30 7  4531.97168
 30 8  4464.20508
 30 9  2199.17261
 30 10  4902.37354
 30 11  1105.63843
 30 12  2497.82104
 30 13  2067.29492
 30 14  2354.26489
 30 15  3791.44873
 30 16 -256641.547
 30 17  51903.1367
 30 18  74509.4297
 30 19  55439.9648
 30 20  19637.4512
 30 21  11734.8213
 30 22  20582.998
 30 23  1745.9906
 30 24  18887.1875
 30 25  8344.61719
 30 26  7267.75488
 30 27  6632.13672
 30 28  13765.873
 30 29  22456.8633
 30 30  75833.2891
 30 31 -106061.367
 30 32 -37872.8281
 30 33  13669.0303
 30 34  18871.9746
 30 35  8926.46875
 30 36  9169.22559
 30 37  5601.85742
 30 38  3275.04688
 30 39  8087.41211
 30 40 -2942.25342
 30 41  6767.45703
 30 42  4635.22607
 30 43  4591.29297
 30 44  1901.8075
 30 45  7214.7334
 31 1  123591960.
 31 2  13077916.
 31 3 -46659.2031
 31 4 -1628467.62
 31 5 -1562978.
 31 6 -31430.6211
 31 7 -1009530.75
 31 8 -265967.438
 31 9 -157474.281
 31 10 -155583.031
 31 11 -248816.5
 31 12 -24606.0762
 31 13 -78742.0703
 31 14  4283.97168
 31 15  56460.8047
 31 16  76264752.
 31 17  15095806.
 31 18  2752635.5
 31 19  4202817.5
 31 20 -939397.062
 31 21 -1975688.
 31 22 -1285695.88
 31 23 -1505738.
 31 24 -902059.312
 31 25 -360145.438
 31 26 -814323.625
 31 27 -445184.156
 31 28  229740.422
 31 29 -347861.688
 31 30 -106061.367
 31 31  558365504.
 31 32  23511812.
 31 33 -751415.562
 31 34 -1539747.25
 31 35  1817594.75
 31 36  2708206.25
 31 37 -500997.531
 31 38  1867096.88
 31 39 -228362.
 31 40 -412717.125
 31 41  1026678.56
 31 42  519498.719
 31 43 -159489.812
 31 44 -700145.
 31 45 -506851.438
 32 1  4432306.5
 32 2  5290378.5
 32 3  1691965.62
 32 4  255112.328
 32 5  24624.5059
 32 6 -42936.2461
 32 7 -180928.234
 32 8  9087.50781
 32 9  13433.3174
 32 10  119.233604
 32 11 -61787.75
 32 12  35842.2656
 32 13 -9797.32227
 32 14 -55340.4883
 32 15 -67800.2656
 32 16 -4172095.
 32 17  2149598.5
 32 18  387672.656
 32 19  1707124.12
 32 20  620703.438
 32 21 -32937.1914
 32 22  214481.594
 32 23  586282.
 32 24  143047.969
 32 25 -167445.188
 32 26 -142485.531
 32 27 -142665.547
 32 28  282262.
 32 29 -7193.19922
 32 30 -37872.8281
 32 31  23511812.
 32 32  85702976.
 32 33  13009137.
 32 34  770078.688
 32 35  80365.6719
 32 36 -102891.992
 32 37  63194.3906
 32 38  326988.781
 32 39 -124154.055
 32 40 -473079.094
 32 41 -86266.9766
 32 42  345248.375
 32 43  44620.1523
 32 44  111328.094
 32 45 -57407.8828
 33 1  58939.7969
 33 2  203752.141
 33 3  1954898.25
 33 4  463576.062
 33 5  155885.438
 33 6  67099.0625
 33 7  104461.633
 33 8  99455.2578
 33 9  54444.0977
 33 10  125859.891
 33 11 -6106.25635
 33 12  23488.6816
 33 13 -28741.0195
 33 14 -6348.10205
 33 15 -45283.3984
 33 16  2664557.25
 33 17 -1697396.12
 33 18  4404921.
 33 19  668308.75
 33 20  875701.188
 33 21  66111.7266
 33 22  2215.90796
 33 23 -59623.3281
 33 24 -82441.0078
 33 25  60997.5859
 33 26  40522.0547
 33 27  45772.1016
 33 28  86593.9531
 33 29 -23197.8281
 33 30  13669.0303
 33 31 -751415.562
 33 32  13009137.
 33 33  28315588.
 33 34  3441110.5
 33 35  417763.688
 33 36  664770.938
 33 37  126201.984
 33 38  3375.94702
 33 39 -45071.7969
 33 40  5348.67432
 33 41  43882.3398
 33 42  118375.562
 33 43  225717.047
 33 44  93280.6328
 33 45 -223.206177
 34 1 -477480.469
 34 2  63939.2227
 34 3 -63948.6797
 34 4  639170.438
 34 5 -32730.8281
 34 6 -10659.5547
 34 7 -25163.502
 34 8 -3077.50269
 34 9 -5781.96143
 34 10  27080.1406
 34 11 -30279.4277
 34 12  50631.3555
 34 13 -4667.65234
 34 14  17090.2852
 34 15  28021.5352
 34 16  1995589.75
 34 17  330095.594
 34 18  1265747.62
 34 19  1988836.38
 34 20  170973.203
 34 21 -64366.2461
 34 22 -88071.3828
 34 23 -8517.31543
 34 24 -17794.9492
 34 25  77296.5234
 34 26  46885.1836
 34 27 -74486.
 34 28  17009.7109
 34 29  18334.1172
 34 30  18871.9746
 34 31 -1539747.25
 34 32  770078.688
 34 33  3441110.5
 34 34  10906099.
 34 35  1323423.25
 34 36  206998.094
 34 37 -126369.289
 34 38 -4479.48438
 34 39 -136907.703
 34 40 -27038.1484
 34 41  25459.6387
 34 42  12339.0967
 34 43 -86882.875
 34 44 -55000.4922
 34 45  51182.9883
 35 1 -440292.562
 35 2  159874.094
 35 3 -8122.1792
 35 4 -84460.75
 35 5  179814.953
 35 6 -68178.5625
 35 7 -1970.38208
 35 8 -14912.3066
 35 9 -28852.9453
 35 10  7794.53369
 35 11 -10981.8779
 35 12  9063.71875
 35 13  311.909241
 35 14  7320.14795
 35 15  3108.35425
 35 16  1114580.
 35 17 -128276.719
 35 18 -109761.102
 35 19  175374.016
 35 20  546902.938
 35 21 -112173.359
 35 22  30956.0527
 35 23  8858.82129
 35 24 -77910.3125
 35 25 -18170.3965
 35 26 -15806.7656
 35 27 -25044.5918
 35 28 -23993.9941
 35 29 -26129.6582
 35 30  8926.46875
 35 31  1817594.75
 35 32  80365.6719
 35 33  417763.688
 35 34  1323423.25
 35 35  4255337.5
 35 36  576151.625
 35 37  8271.58398
 35 38  28789.3262
 35 39 -28052.2969
 35 40 -66650.0469
 35 41  53667.2266
 35 42  83975.7266
 35 43  46779.9883
 35 44  11749.3955
 35 45  17307.
 36 1  789335.
 36 2 -28568.8867
 36 3  24107.6465
 36 4  1153.1366
 36 5  19738.1562
 36 6  123892.758
 36 7 -9347.34961
 36 8 -27474.8672
 36 9  12767.624
 36 10  36320.6133
 36 11 -14462.333
 36 12 -9287.91406
 36 13 -295.454437
 36 14 -2010.76428
 36 15 -17031.3711
 36 16  735862.125
 36 17  797926.312
 36 18  630032.688
 36 19  290284.219
 36 20  145366.812
 36 21  355636.5
 36 22  85984.8906
 36 23 -41532.0508
 36 24  27242.9395
 36 25  29353.9766
 36 26 -11823.2725
 36 27 -2747.00171
 36 28 -15773.5615
 36 29 -26674.25
 36 30  9169.22559
 36 31  2708206.25
 36 32 -102891.992
 36 33  664770.938
 36 34  206998.094
 36 35  576151.625
 36 36  2326283.5
 36 37  257040.656
 36 38 -49817.3789
 36 39  8836.40039
 36 40  26818.7402
 36 41  51855.8359
 36 42  10775.8818
 36 43 -8192.58789
 36 44  15304.3896
 36 45  12393.8027
 37 1 -130368.312
 37 2 -287198.625
 37 3  49988.2227
 37 4  30903.9492
 37 5 -2135.84155
 37 6  20297.3496
 37 7  58096.0742
 37 8 -7507.521
 37 9  3033.5564
 37 10  9024.50586
 37 11 -8996.95508
 37 12 -265.907257
 37 13 -904.399231
 37 14  573.016235
 37 15  5543.4502
 37 16  756732.812
 37 17  133338.875
 37 18  207143.766
 37 19  53601.0977
 37 20 -12703.0977
 37 21 -39121.0391
 37 22  119820.438
 37 23  9994.22754
 37 24  3278.61548
 37 25 -1163.31555
 37 26  13806.998
 37 27  6740.71143
 37 28  36461.7734
 37 29  11764.0586
 37 30  5601.85742
 37 31 -500997.531
 37 32  63194.3906
 37 33  126201.984
 37 34 -126369.289
 37 35  8271.58398
 37 36  257040.656
 37 37  1255139.62
 37 38  48701.75
 37 39  23685.4121
 37 40 -1850.39575
 37 41 -13415.6318
 37 42 -6360.88037
 37 43  15990.8535
 37 44  1181.19507
 37 45  2768.11768
 38 1  342196.844
 38 2  190714.172
 38 3  175495.297
 38 4  8164.17676
 38 5  9470.29297
 38 6  13429.1455
 38 7  10069.8887
 38 8  43994.3516
 38 9  10884.5293
 38 10  2867.93701
 38 11  6631.41699
 38 12  7549.94922
 38 13 -562.939087
 38 14  2444.94727
 38 15  3294.99731
 38 16  989359.5
 38 17  178546.922
 38 18  208668.516
 38 19  178985.594
 38 20  94874.7109
 38 21 -18074.2832
 38 22  53213.2695
 38 23  97692.7578
 38 24  38460.0273
 38 25  8222.05078
 38 26  18358.0859
 38 27  19763.8633
 38 28  14670.5127
 38 29  7684.71045
 38 30  3275.04688
 38 31  1867096.88
 38 32  326988.781
 38 33  3375.94702
 38 34 -4479.48438
 38 35  28789.3262
 38 36 -49817.3789
 38 37  48701.75
 38 38  731040.125
 38 39  160901.766
 38 40  61866.1602
 38 41  21477.668
 38 42  32686.4512
 38 43  107.534035
 38 44 -13737.3457
 38 45 -2886.42529
 39 1 -334166.469
 39 2  49938.3555
 39 3  75455.7812
 39 4 -9060.1543
 39 5 -8492.33496
 39 6  3123.29761
 39 7  4328.76709
 39 8  8673.11328
 39 9  15863.6699
 39 10  6827.19531
 39 11  11509.2393
 39 12  2686.88428
 39 13  8092.48096
 39 14 -1010.47363
 39 15  3313.44214
 39 16  417992.062
 39 17  318437.781
 39 18  17121.3984
 39 19 -49203.5195
 39 20  70787.5312
 39 21  23070.877
 39 22  29094.1309
 39 23  33749.3438
 39 24  93942.0859
 39 25  25283.7461
 39 26  4398.56738
 39 27  18605.1133
 39 28  6619.35205
 39 29  4012.03003
 39 30  8087.41211
 39 31 -228362.
 39 32 -124154.055
 39 33 -45071.7969
 39 34 -136907.703
 39 35 -28052.2969
 39 36  8836.40039
 39 37  23685.4121
 39 38  160901.766
 39 39  532377.438
 39 40  108740.305
 39 41  14252.5146
 39 42 -1843.61353
 39 43  7717.28125
 39 44  11599.207
 39 45  7091.375
 40 1 -29209.9219
 40 2 -103980.617
 40 3  79426.3438
 40 4  21027.8633
 40 5 -1968.55518
 40 6  12164.1523
 40 7  2694.86621
 40 8  169.284714
 40 9 -4832.89746
 40 10  10552.8145
 40 11  1897.5293
 40 12  1262.58069
 40 13 -1980.8833
 40 14 -2385.97852
 40 15 -4208.3501
 40 16  288077.594
 40 17  264238.719
 40 18  83057.4844
 40 19 -42454.3984
 40 20  17958.7344
 40 21 -8300.63086
 40 22  31905.5215
 40 23  8082.62646
 40 24  37023.3789
 40 25  45286.4414
 40 26  17486.6523
 40 27  7363.49707
 40 28 -10990.7305
 40 29  2376.68896
 40 30 -2942.25342
 40 31 -412717.125
 40 32 -473079.094
 40 33  5348.67432
 40 34 -27038.1484
 40 35 -66650.0469
 40 36  26818.7402
 40 37 -1850.39575
 40 38  61866.1602
 40 39  108740.305
 40 40  385693.938
 40 41  52493.5625
 40 42  17191.9785
 40 43  1529.34644
 40 44 -1232.77173
 40 45 -1250.01746
 41 1  311105.906
 41 2  98985.4688
 41 3  58175.5391
 41 4  19784.3945
 41 5  7864.72461
 41 6  23010.7051
 41 7  23451.4336
 41 8  9356.86328
 41 9  1124.26758
 41 10 -1282.76062
 41 11  8066.90576
 41 12  3669.00879
 41 13 -865.193909
 41 14 -3955.78271
 41 15 -798.709961
 41 16 -434980.625
 41 17 -61303.207
 41 18 -8563.81738
 41 19 -48320.3125
 41 20  29073.5391
 41 21  6662.69727
 41 22 -11012.4609
 41 23 -30629.6074
 41 24 -752.795105
 41 25 -881.898743
 41 26  39125.6875
 41 27  13783.0869
 41 28  2124.40576
 41 29 -2531.73608
 41 30  6767.45703
 41 31  1026678.56
 41 32 -86266.9766
 41 33  43882.3398
 41 34  25459.6387
 41 35  53667.2266
 41 36  51855.8359
 41 37 -13415.6318
 41 38  21477.668
 41 39  14252.5146
 41 40  52493.5625
 41 41  288551.5
 41 42  50479.375
 41 43 -5839.70068
 41 44 -2534.4165
 41 45  15851.1631
 42 1  148070.547
 42 2  15183.4775
 42 3  21169.668
 42 4  21706.3145
 42 5  42496.5195
 42 6  21992.9609
 42 7  22248.3223
 42 8  8130.70996
 42 9 -4001.5376
 42 10 -3326.8584
 42 11  5196.80225
 42 12  9044.10938
 42 13 -250.629745
 42 14  399.326172
 42 15 -1846.08936
 42 16  136491.266
 42 17  126751.727
 42 18  93544.9062
 42 19 -7123.56104
 42 20  41483.75
 42 21  30719.375
 42 22  13592.6885
 42 23  3207.23535
 42 24  18650.4805
 42 25  15178.126
 42 26  18046.1699
 42 27  15040.8486
 42 28  9308.44629
 42 29  2739.76245
 42 30  4635.22607
 42 31  519498.719
 42 32  345248.375
 42 33  118375.562
 42 34  12339.0967
 42 35  83975.7266
 42 36  10775.8818
 42 37 -6360.88037
 42 38  32686.4512
 42 39 -1843.61353
 42 40  17191.9785
 42 41  50479.375
 42 42  215124.578
 42 43  26699.6973
 42 44  21571.1309
 42 45  14413.3799
 43 1 -4421.32471
 43 2 -39546.8789
 43 3  24438.7109
 43 4 -10418.2334
 43 5  2824.45972
 43 6  100.794884
 43 7  5341.28467
 43 8  2517.47534
 43 9 -2949.64087
 43 10  180.019821
 43 11 -7851.09766
 43 12 -2570.32471
 43 13  5833.05518
 43 14  5273.67871
 43 15  254.342209
 43 16 -198747.828
 43 17  89937.6953
 43 18  66486.2578
 43 19  18116.4746
 43 20 -32812.5195
 43 21 -9276.76855
 43 22  6417.33936
 43 23  1628.54028
 43 24  4130.78174
 43 25  3163.13135
 43 26  3978.12622
 43 27 -4812.68115
 43 28  9679.69531
 43 29  1572.43396
 43 30  4591.29297
 43 31 -159489.812
 43 32  44620.1523
 43 33  225717.047
 43 34 -86882.875
 43 35  46779.9883
 43 36 -8192.58789
 43 37  15990.8535
 43 38  107.534035
 43 39  7717.28125
 43 40  1529.34644
 43 41 -5839.70068
 43 42  26699.6973
 43 43  169661.5
 43 44  36334.3359
 43 45  17087.3906
 44 1 -265762.5
 44 2 -103315.867
 44 3  20486.4727
 44 4  13657.1504
 44 5  7494.97119
 44 6  4308.14355
 44 7  4436.82324
 44 8 -586.71051
 44 9  5192.12891
 44 10  1217.05359
 44 11  1983.4165
 44 12  1912.20618
 44 13 -1466.58997
 44 14  4607.02734
 44 15  295.66571
 44 16 -111161.602
 44 17  5069.88623
 44 18  96439.9609
 44 19  26306.0234
 44 20  11950.0762
 44 21 -14958.5439
 44 22 -15993.042
 44 23 -5283.14404
 44 24  13233.665
 44 25 -661.047546
 44 26  177.987045
 44 27 -1454.82361
 44 28  576.508301
 44 29  15945.8457
 44 30  1901.8075
 44 31 -700145.
 44 32  111328.094
 44 33  93280.6328
 44 34 -55000.4922
 44 35  11749.3955
 44 36  15304.3896
 44 37  1181.19507
 44 38 -13737.3457
 44 39  11599.207
 44 40 -1232.77173
 44 41 -2534.4165
 44 42  21571.1309
 44 43  36334.3359
 44 44  153671.984
 44 45  29062.5996
 45 1 -349711.562
 45 2 -41817.7891
 45 3  40063.4414
 45 4  19465.8418
 45 5  6747.09229
 45 6  1544.00525
 45 7  7604.82471
 45 8 -1524.69189
 45 9  2121.50562
 45 10 -6568.75586
 45 11 -700.652893
 45 12 -2089.72021
 45 13  900.870483
 45 14  4135.43359
 45 15  3840.73926
 45 16  100538.203
 45 17  186823.25
 45 18  96456.8906
 45 19  37312.4023
 45 20  28694.7188
 45 21  8299.13672
 45 22  10507.5391
 45 23  3094.35156
 45 24  16743.6543
 45 25  3577.11426
 45 26  12543.6816
 45 27  2818.3374
 45 28  532.25415
 45 29 -67.7425079
 45 30  7214.7334
 45 31 -506851.438
 45 32 -57407.8828
 45 33 -223.206177
 45 34  51182.9883
 45 35  17307.
 45 36  12393.8027
 45 37  2768.11768
 45 38 -2886.42529
 45 39  7091.375
 45 40 -1250.01746
 45 41  15851.1631
 45 42  14413.3799
 45 43  17087.3906
 45 44  29062.5996
 45 45  95783.2891