 1 1  110692464.
 1 2  17818562.
 1 3 -285846.75
 1 4  442582.281
 1 5  73867.8203
 1 6  108796.297
 1 7 -121967.961
 1 8 -306296.75
 1 9 -303377.438
 1 10  176556.312
 1 11  66139.75
 1 12 -344.67691
 1 13  92711.5703
 1 14  18244.9004
 1 15 -66936.9375
 1 16  32821248.
 1 17 -767143.062
 1 18 -2010859.88
 1 19  1311807.25
 1 20  1499620.62
 1 21  867608.875
 1 22 -334053.75
 1 23 -248878.031
 1 24  149426.375
 1 25 -126055.164
 1 26 -96817.5547
 1 27  22949.7539
 1 28  291225.281
 1 29 -119193.953
 1 30  210790.953
 1 31  361289024.
 1 32  19321654.
 1 33  2829111.25
 1 34  592380.688
 1 35  858318.25
 1 36  387705.219
 1 37 -229372.375
 1 38 -534845.312
 1 39 -231754.078
 1 40 -70417.9531
 1 41 -431362.531
 1 42  180521.609
 1 43  331976.312
 1 44 -158288.25
 1 45 -114944.875
 2 1  17818562.
 2 2  21950746.
 2 3  2882205.75
 2 4  204840.469
 2 5  302543.062
 2 6  87755.8203
 2 7  100042.242
 2 8 -21038.0781
 2 9  49227.0742
 2 10  137216.422
 2 11  49083.875
 2 12  17514.4609
 2 13  38176.6055
 2 14  21793.5781
 2 15 -6023.93994
 2 16  961382.875
 2 17  9770575.
 2 18  703245.188
 2 19 -504082.125
 2 20  172279.484
 2 21 -171974.781
 2 22 -100887.805
 2 23  333.906403
 2 24  1603.47253
 2 25  52560.4102
 2 26 -38860.2383
 2 27 -37372.7891
 2 28  173866.25
 2 29  80629.9141
 2 30  43864.5234
 2 31  47421724.
 2 32  11266786.
 2 33  455230.656
 2 34  383352.312
 2 35 -400007.375
 2 36 -545431.
 2 37  9633.62109
 2 38  32382.3887
 2 39  36836.3711
 2 40  206378.5
 2 41  45713.7812
 2 42  31821.793
 2 43  161653.141
 2 44  17122.2109
 2 45 -51071.2305
 3 1 -285846.75
 3 2  2882205.75
 3 3  6112663.
 3 4  901223.
 3 5  203735.172
 3 6  150350.344
 3 7  97161.0703
 3 8  74220.2969
 3 9  86249.1797
 3 10  66241.3359
 3 11  39702.9844
 3 12  22828.5605
 3 13  35422.2852
 3 14  12386.1641
 3 15  6776.71094
 3 16 -938274.188
 3 17  1327783.25
 3 18  3010754.75
 3 19  382844.531
 3 20  160794.438
 3 21  56912.7461
 3 22  193818.594
 3 23  60068.2266
 3 24  20438.1211
 3 25  83283.5
 3 26  97535.75
 3 27  21924.9277
 3 28  151132.469
 3 29 -29254.7324
 3 30  3730.55127
 3 31 -3024091.
 3 32  865690.875
 3 33  950162.688
 3 34  653953.625
 3 35  89645.
 3 36  76129.5625
 3 37 -141809.547
 3 38  78449.3203
 3 39  66273.0547
 3 40  105356.234
 3 41  88123.3906
 3 42  16383.4512
 3 43 -26845.4922
 3 44  55226.2344
 3 45  49809.793
 4 1  442582.281
 4 2  204840.469
 4 3  901223.
 4 4  1960804.5
 4 5  352312.219
 4 6  85608.3438
 4 7  65308.5664
 4 8  23393.0801
 4 9  43887.1133
 4 10 -2903.28955
 4 11  16304.3086
 4 12 -4921.12256
 4 13  13807.2891
 4 14  30123.3496
 4 15  17462.8867
 4 16 -1869095.5
 4 17 -712995.25
 4 18  22329.8789
 4 19  1116228.62
 4 20  175172.312
 4 21 -27192.7207
 4 22  7449.26904
 4 23  8382.51562
 4 24  80463.0234
 4 25  71245.8984
 4 26  14396.6719
 4 27 -34093.3203
 4 28  24580.7129
 4 29  5936.28809
 4 30 -388.409729
 4 31 -1030192.19
 4 32 -1065431.38
 4 33  769961.188
 4 34  418803.25
 4 35  162578.875
 4 36  205863.422
 4 37  175635.406
 4 38  152556.469
 4 39  12779.8105
 4 40 -31204.3965
 4 41 -20907.5508
 4 42 -45344.7305
 4 43 -34260.0625
 4 44 -14157.8584
 4 45  26155.1445
 5 1  73867.8203
 5 2  302543.062
 5 3  203735.172
 5 4  352312.219
 5 5  892200.375
 5 6  171491.578
 5 7  13459.499
 5 8  25091.6484
 5 9  14138.1865
 5 10  4138.69775
 5 11  8244.61719
 5 12  1444.5249
 5 13  2614.83936
 5 14  4039.42993
 5 15  10123.5039
 5 16  2232552.25
 5 17  453281.719
 5 18 -60171.9453
 5 19  310133.688
 5 20  747636.562
 5 21  85170.0078
 5 22 -43593.8242
 5 23 -3436.2876
 5 24  34432.5469
 5 25  23209.7773
 5 26  4198.17285
 5 27 -8082.04395
 5 28  13804.5166
 5 29  30659.5703
 5 30 -31128.6445
 5 31  2383117.
 5 32 -812651.688
 5 33 -33842.9297
 5 34  83800.2031
 5 35  424122.562
 5 36 -66622.0703
 5 37  294.430359
 5 38 -24212.0332
 5 39  28105.4023
 5 40 -4347.1665
 5 41  32772.8477
 5 42 -46104.0273
 5 43 -668.643188
 5 44  32463.0293
 5 45  21027.0957
 6 1  108796.297
 6 2  87755.8203
 6 3  150350.344
 6 4  85608.3438
 6 5  171491.578
 6 6  442264.094
 6 7  67827.25
 6 8  34730.8281
 6 9  25029.6094
 6 10  22815.9922
 6 11  18318.6426
 6 12  7373.68604
 6 13  7667.85449
 6 14  8129.55762
 6 15  9440.7627
 6 16  667674.062
 6 17 -189331.391
 6 18 -106978.438
 6 19 -127976.039
 6 20  47168.3477
 6 21  331740.062
 6 22  75546.6797
 6 23  31409.9844
 6 24  12743.1816
 6 25  13530.4922
 6 26  10521.3047
 6 27  9368.28711
 6 28  8497.34863
 6 29  16229.7178
 6 30  13408.8701
 6 31  589012.25
 6 32 -99039.6484
 6 33 -81392.8438
 6 34 -106293.344
 6 35  56652.6328
 6 36  91427.1094
 6 37 -73129.5469
 6 38 -30459.5215
 6 39  10066.8105
 6 40  34175.5
 6 41  21046.8633
 6 42 -8274.57227
 6 43 -2688.18677
 6 44  818.710205
 6 45  1277.61853
 7 1 -121967.961
 7 2  100042.242
 7 3  97161.0703
 7 4  65308.5664
 7 5  13459.499
 7 6  67827.25
 7 7  218193.156
 7 8  54001.1172
 7 9  23978.8574
 7 10  17542.2578
 7 11  12444.0078
 7 12  12117.5742
 7 13  11930.1094
 7 14  7937.89551
 7 15  7099.22559
 7 16  455159.094
 7 17  418319.156
 7 18  231429.25
 7 19  85295.6328
 7 20 -15794.334
 7 21  49277.1758
 7 22  117400.797
 7 23  19324.4785
 7 24  9553.75488
 7 25  1105.6853
 7 26  8236.50781
 7 27  12835.6699
 7 28 -5712.18115
 7 29  3574.61646
 7 30  13817.7207
 7 31  96825.6484
 7 32  95855.6562
 7 33  325089.625
 7 34 -42613.1211
 7 35  45638.5898
 7 36  46003.9297
 7 37  75678.0625
 7 38 -5468.30176
 7 39  7826.59717
 7 40  21866.9375
 7 41 -2199.15649
 7 42  16126.7354
 7 43  5513.47656
 7 44  10425.5781
 7 45  10134.8848
 8 1 -306296.75
 8 2 -21038.0781
 8 3  74220.2969
 8 4  23393.0801
 8 5  25091.6484
 8 6  34730.8281
 8 7  54001.1172
 8 8  133410.719
 8 9  36865.7227
 8 10  12873.1348
 8 11  5514.74951
 8 12  9070.86328
 8 13  8045.05469
 8 14  8525.53906
 8 15  5224.1665
 8 16  893603.875
 8 17  208243.344
 8 18  177613.531
 8 19  15652.4658
 8 20  68149.4297
 8 21  63127.7656
 8 22  42974.6992
 8 23  55866.4766
 8 24  32885.8867
 8 25  13278.4014
 8 26  20153.6289
 8 27  10794.4766
 8 28  8816.69922
 8 29  12957.1113
 8 30  5969.17334
 8 31  81053.6719
 8 32 -278974.281
 8 33 -5425.23047
 8 34 -46221.6641
 8 35  12781.8799
 8 36 -10421.0332
 8 37 -37488.5859
 8 38  41432.7031
 8 39 -4193.92676
 8 40  26286.4473
 8 41  15557.5781
 8 42  919.064819
 8 43 -1493.05139
 8 44  11517.7305
 8 45  765.224548
 9 1 -303377.438
 9 2  49227.0742
 9 3  86249.1797
 9 4  43887.1133
 9 5  14138.1865
 9 6  25029.6094
 9 7  23978.8574
 9 8  36865.7227
 9 9  98541.7266
 9 10  22563.293
 9 11  5049.44336
 9 12  6293.12646
 9 13  5705.12549
 9 14  5785.82129
 9 15  4933.15332
 9 16 -684.965027
 9 17 -8666.68652
 9 18  76005.9062
 9 19 -5915.8042
 9 20  24591.7227
 9 21  63534.0156
 9 22  41884.4062
 9 23  23943.3633
 9 24  43594.4141
 9 25  15622.7568
 9 26  6465.46191
 9 27  50.6788177
 9 28  7852.59326
 9 29  7990.52539
 9 30  1693.66663
 9 31 -551917.562
 9 32  67073.8594
 9 33 -79926.4219
 9 34 -84636.7266
 9 35 -23391.5723
 9 36  16147.3164
 9 37 -21310.7109
 9 38  12662.876
 9 39  18352.6035
 9 40  6419.61377
 9 41  3847.26587
 9 42 -7035.45264
 9 43 -781.453857
 9 44  270.303253
 9 45 -4556.25146
 10 1  176556.312
 10 2  137216.422
 10 3  66241.3359
 10 4 -2903.28955
 10 5  4138.69775
 10 6  22815.9922
 10 7  17542.2578
 10 8  12873.1348
 10 9  22563.293
 10 10  64396.9023
 10 11  12402.4619
 10 12  5441.35645
 10 13  5567.729
 10 14  2268.2373
 10 15  2173.89258
 10 16  336276.312
 10 17  35619.3008
 10 18 -36773.4609
 10 19 -18957.75
 10 20  11410.9287
 10 21  20706.334
 10 22  9226.43555
 10 23  11250.0762
 10 24  17351.793
 10 25  32587.1758
 10 26  6471.34668
 10 27  393.720123
 10 28  8643.40234
 10 29  8243.29395
 10 30  7685.07129
 10 31  865632.5
 10 32  113283.891
 10 33 -134797.672
 10 34 -4372.49463
 10 35 -9647.49902
 10 36 -29472.084
 10 37 -21187.6797
 10 38  7195.95557
 10 39 -3304.2417
 10 40  26340.5391
 10 41  373.795013
 10 42  5936.08398
 10 43  9377.69043
 10 44  3218.67383
 10 45 -9921.51953
 11 1  66139.75
 11 2  49083.875
 11 3  39702.9844
 11 4  16304.3086
 11 5  8244.61719
 11 6  18318.6426
 11 7  12444.0078
 11 8  5514.74951
 11 9  5049.44336
 11 10  12402.4619
 11 11  45513.5938
 11 12  12987.8896
 11 13  5950.42285
 11 14  5376.83789
 11 15  2997.60376
 11 16  140762.609
 11 17  226365.766
 11 18  83495.0469
 11 19  46160.707
 11 20 -6826.66162
 11 21  18286.8281
 11 22  28467.248
 11 23  11725.2979
 11 24  6538.39502
 11 25  680.902954
 11 26  17534.3066
 11 27  3192.6272
 11 28  2942.40942
 11 29  5482.81006
 11 30  10664.4932
 11 31  491172.938
 11 32  147773.672
 11 33  100109.039
 11 34  4592.83643
 11 35  19282.8672
 11 36 -9390.56348
 11 37  9857.9834
 11 38  12921.6475
 11 39  1860.47839
 11 40 -3696.85596
 11 41  5454.7832
 11 42 -7821.88818
 11 43  2677.36768
 11 44  6669.57812
 11 45 -655.779785
 12 1 -344.67691
 12 2  17514.4609
 12 3  22828.5605
 12 4 -4921.12256
 12 5  1444.5249
 12 6  7373.68604
 12 7  12117.5742
 12 8  9070.86328
 12 9  6293.12646
 12 10  5441.35645
 12 11  12987.8896
 12 12  39831.6875
 12 13  12351.5283
 12 14  4697.95215
 12 15  3822.0498
 12 16  84892.0703
 12 17  118374.258
 12 18  30594.7773
 12 19  28903.4297
 12 20  8829.62012
 12 21  17899.6738
 12 22  23878.2949
 12 23  24081.
 12 24  11900.3408
 12 25 -299.696472
 12 26  5746.60596
 12 27  10687.9053
 12 28 -3386.36694
 12 29 -2824.74292
 12 30  3711.9248
 12 31  16655.1211
 12 32  119418.43
 12 33  74146.8672
 12 34 -7383.26904
 12 35  11939.0957
 12 36 -7232.0127
 12 37  22929.6582
 12 38  31834.127
 12 39  2483.72656
 12 40  8926.27344
 12 41  10328.7822
 12 42  8249.99414
 12 43 -2050.67407
 12 44  530.549927
 12 45 -2154.24219
 13 1  92711.5703
 13 2  38176.6055
 13 3  35422.2852
 13 4  13807.2891
 13 5  2614.83936
 13 6  7667.85449
 13 7  11930.1094
 13 8  8045.05469
 13 9  5705.12549
 13 10  5567.729
 13 11  5950.42285
 13 12  12351.5283
 13 13  30456.6113
 13 14  7151.17676
 13 15  3132.59009
 13 16 -184708.594
 13 17  81088.2031
 13 18  20449.4102
 13 19  11603.8926
 13 20  20762.5879
 13 21  11719.4102
 13 22  15006.2041
 13 23  5965.25635
 13 24  5799.86035
 13 25  1266.65515
 13 26  4456.64648
 13 27  5036.35205
 13 28  8937.51953
 13 29  642.063416
 13 30  81.0468369
 13 31  176251.125
 13 32  160615.219
 13 33  42580.2656
 13 34 -5872.63086
 13 35  6136.53564
 13 36 -22651.8906
 13 37 -3187.89551
 13 38 -3864.32837
 13 39 -4264.95215
 13 40  9150.7207
 13 41  8227.26172
 13 42 -5230.5293
 13 43  10261.127
 13 44  5492.92578
 13 45 -1270.58008
 14 1  18244.9004
 14 2  21793.5781
 14 3  12386.1641
 14 4  30123.3496
 14 5  4039.42993
 14 6  8129.55762
 14 7  7937.89551
 14 8  8525.53906
 14 9  5785.82129
 14 10  2268.2373
 14 11  5376.83789
 14 12  4697.95215
 14 13  7151.17676
 14 14  22955.6855
 14 15  6213.66992
 14 16 -122967.938
 14 17  194788.922
 14 18  28728.0059
 14 19 -2237.58057
 14 20 -13407.8457
 14 21  2136.05713
 14 22 -2528.50049
 14 23  4612.29395
 14 24  6028.59033
 14 25  4259.64404
 14 26 -537.91571
 14 27  1672.29956
 14 28  375.571472
 14 29  6983.24072
 14 30  2390.17188
 14 31  35508.3555
 14 32  93809.6641
 14 33  11474.9062
 14 34 -36739.6602
 14 35  445.519775
 14 36 -1255.24268
 14 37  1768.6532
 14 38  6624.20361
 14 39  1383.04846
 14 40  3711.54102
 14 41 -3231.15234
 14 42 -3717.37964
 14 43 -4779.07959
 14 44  3992.30225
 14 45 -924.348877
 15 1 -66936.9375
 15 2 -6023.93994
 15 3  6776.71094
 15 4  17462.8867
 15 5  10123.5039
 15 6  9440.7627
 15 7  7099.22559
 15 8  5224.1665
 15 9  4933.15332
 15 10  2173.89258
 15 11  2997.60376
 15 12  3822.0498
 15 13  3132.59009
 15 14  6213.66992
 15 15  19842.6289
 15 16  151318.75
 15 17  32316.4805
 15 18  90366.3359
 15 19  21495.5508
 15 20  25815.584
 15 21  12823.9775
 15 22  5180.93408
 15 23  9478.18652
 15 24  3578.20703
 15 25  5362.27686
 15 26  141.227478
 15 27  1797.80713
 15 28  1952.04968
 15 29  2538.83105
 15 30  3206.88501
 15 31 -148683.688
 15 32 -81443.8594
 15 33  40545.9648
 15 34  2280.34326
 15 35 -166.656815
 15 36  6739.22363
 15 37 -5545.74951
 15 38  5538.77295
 15 39  1535.59851
 15 40  4393.37695
 15 41 -325.338745
 15 42 -3381.80566
 15 43  2625.61865
 15 44  3497.66138
 15 45  5505.4082
 16 1  32821248.
 16 2  961382.875
 16 3 -938274.188
 16 4 -1869095.5
 16 5  2232552.25
 16 6  667674.062
 16 7  455159.094
 16 8  893603.875
 16 9 -684.965027
 16 10  336276.312
 16 11  140762.609
 16 12  84892.0703
 16 13 -184708.594
 16 14 -122967.938
 16 15  151318.75
 16 16  816255104.
 16 17  94558408.
 16 18  15956882.
 16 19  4390664.
 16 20  3189316.75
 16 21 -236981.859
 16 22 -1593762.5
 16 23  224132.172
 16 24 -838481.125
 16 25  22782.0625
 16 26  765898.125
 16 27 -152389.734
 16 28 -245842.031
 16 29 -252433.312
 16 30  255170.875
 16 31  860279872.
 16 32 -24259678.
 16 33 -4539613.
 16 34 -2981837.
 16 35  1721218.
 16 36 -962679.812
 16 37 -1793394.62
 16 38  1247697.5
 16 39 -88245.9531
 16 40 -73606.3828
 16 41 -1706811.12
 16 42  407400.469
 16 43 -667032.125
 16 44  696192.062
 16 45 -268487.75
 17 1 -767143.062
 17 2  9770575.
 17 3  1327783.25
 17 4 -712995.25
 17 5  453281.719
 17 6 -189331.391
 17 7  418319.156
 17 8  208243.344
 17 9 -8666.68652
 17 10  35619.3008
 17 11  226365.766
 17 12  118374.258
 17 13  81088.2031
 17 14  194788.922
 17 15  32316.4805
 17 16  94558408.
 17 17  131979512.
 17 18  14890361.
 17 19  2794075.5
 17 20  1392957.75
 17 21 -567091.438
 17 22 -810481.188
 17 23  26211.4277
 17 24 -127564.82
 17 25 -130405.133
 17 26  114473.148
 17 27  294584.594
 17 28 -55762.7773
 17 29 -69554.9688
 17 30  107257.664
 17 31  91315160.
 17 32 -5768295.
 17 33 -1077799.38
 17 34 -3746668.75
 17 35 -2147386.
 17 36 -1137178.25
 17 37  712302.312
 17 38 -421656.344
 17 39 -208413.016
 17 40 -338952.219
 17 41  38558.2031
 17 42  383762.406
 17 43 -25168.2305
 17 44  155881.438
 17 45 -23801.7949
 18 1 -2010859.88
 18 2  703245.188
 18 3  3010754.75
 18 4  22329.8789
 18 5 -60171.9453
 18 6 -106978.438
 18 7  231429.25
 18 8  177613.531
 18 9  76005.9062
 18 10 -36773.4609
 18 11  83495.0469
 18 12  30594.7773
 18 13  20449.4102
 18 14  28728.0059
 18 15  90366.3359
 18 16  15956882.
 18 17  14890361.
 18 18  34326732.
 18 19  4694737.
 18 20  629497.688
 18 21  644821.062
 18 22  580245.812
 18 23  277742.812
 18 24  32742.2441
 18 25  92961.8047
 18 26  133905.312
 18 27  124532.766
 18 28 -31452.4277
 18 29  88063.9453
 18 30  48.0331764
 18 31  7445082.
 18 32  3358740.5
 18 33  8805183.
 18 34 -1169690.88
 18 35 -427468.844
 18 36 -261558.922
 18 37  627192.688
 18 38  12299.4648
 18 39 -112955.375
 18 40  251865.422
 18 41  43115.5234
 18 42  217303.562
 18 43 -170730.062
 18 44  112182.398
 18 45  116133.508
 19 1  1311807.25
 19 2 -504082.125
 19 3  382844.531
 19 4  1116228.62
 19 5  310133.688
 19 6 -127976.039
 19 7  85295.6328
 19 8  15652.4658
 19 9 -5915.8042
 19 10 -18957.75
 19 11  46160.707
 19 12  28903.4297
 19 13  11603.8926
 19 14 -2237.58057
 19 15  21495.5508
 19 16  4390664.
 19 17  2794075.5
 19 18  4694737.
 19 19  11624111.
 19 20  1676595.25
 19 21  252480.078
 19 22  68229.375
 19 23  35719.8867
 19 24 -105967.562
 19 25  93693.2969
 19 26 -39442.5234
 19 27  29171.2129
 19 28 -7445.94922
 19 29  76814.5469
 19 30  15643.6494
 19 31  10106745.
 19 32 -453312.844
 19 33  2686595.5
 19 34  533710.562
 19 35  284355.312
 19 36  398337.219
 19 37  389031.375
 19 38  195369.516
 19 39  111984.578
 19 40  283218.406
 19 41 -11166.4053
 19 42  109510.25
 19 43 -70048.9766
 19 44  23619.0898
 19 45  130002.672
 20 1  1499620.62
 20 2  172279.484
 20 3  160794.438
 20 4  175172.312
 20 5  747636.562
 20 6  47168.3477
 20 7 -15794.334
 20 8  68149.4297
 20 9  24591.7227
 20 10  11410.9287
 20 11 -6826.66162
 20 12  8829.62012
 20 13  20762.5879
 20 14 -13407.8457
 20 15  25815.584
 20 16  3189316.75
 20 17  1392957.75
 20 18  629497.688
 20 19  1676595.25
 20 20  5338252.
 20 21  736512.125
 20 22  191844.594
 20 23  29876.2051
 20 24  26036.7461
 20 25  89842.6641
 20 26  20086.6055
 20 27  36654.1641
 20 28  5186.57812
 20 29  28117.0059
 20 30 -5458.49609
 20 31  8321876.
 20 32 -707882.625
 20 33 -578437.312
 20 34  736257.375
 20 35  1459720.62
 20 36 -269501.156
 20 37 -171974.391
 20 38  39460.918
 20 39  53806.4062
 20 40  74863.3281
 20 41  92197.5703
 20 42  21945.2891
 20 43  37705.5352
 20 44  132908.906
 20 45 -14720.1191
 21 1  867608.875
 21 2 -171974.781
 21 3  56912.7461
 21 4 -27192.7207
 21 5  85170.0078
 21 6  331740.062
 21 7  49277.1758
 21 8  63127.7656
 21 9  63534.0156
 21 10  20706.334
 21 11  18286.8281
 21 12  17899.6738
 21 13  11719.4102
 21 14  2136.05713
 21 15  12823.9775
 21 16 -236981.859
 21 17 -567091.438
 21 18  644821.062
 21 19  252480.078
 21 20  736512.125
 21 21  2573022.5
 21 22  512070.
 21 23  250482.375
 21 24  138672.344
 21 25  64476.8438
 21 26  58452.4648
 21 27  48787.6719
 21 28 -3519.37476
 21 29  19945.9336
 21 30  30987.6367
 21 31  3691276.25
 21 32  457756.281
 21 33  185960.062
 21 34 -67957.1172
 21 35  398381.531
 21 36  767638.125
 21 37 -152906.953
 21 38  47423.1523
 21 39  54297.7109
 21 40  121827.289
 21 41  83693.2891
 21 42  15637.126
 21 43  43149.0156
 21 44  68717.4453
 21 45  25237.375
 22 1 -334053.75
 22 2 -100887.805
 22 3  193818.594
 22 4  7449.26904
 22 5 -43593.8242
 22 6  75546.6797
 22 7  117400.797
 22 8  42974.6992
 22 9  41884.4062
 22 10  9226.43555
 22 11  28467.248
 22 12  23878.2949
 22 13  15006.2041
 22 14 -2528.50049
 22 15  5180.93408
 22 16 -1593762.5
 22 17 -810481.188
 22 18  580245.812
 22 19  68229.375
 22 20  191844.594
 22 21  512070.
 22 22  1350401.62
 22 23  292195.812
 22 24  87181.375
 22 25  37128.332
 22 26  22343.8457
 22 27  47408.3398
 22 28  25861.5078
 22 29  29710.0664
 22 30  24965.7246
 22 31 -1922522.62
 22 32  523152.781
 22 33  697716.625
 22 34  182301.906
 22 35  32118.709
 22 36  68665.5938
 22 37  355809.031
 22 38  15238.8262
 22 39  6383.27295
 22 40  4714.33496
 22 41  28394.4082
 22 42  9097.7666
 22 43  12366.0205
 22 44 -5098.70508
 22 45  12492.0957
 23 1 -248878.031
 23 2  333.906403
 23 3  60068.2266
 23 4  8382.51562
 23 5 -3436.2876
 23 6  31409.9844
 23 7  19324.4785
 23 8  55866.4766
 23 9  23943.3633
 23 10  11250.0762
 23 11  11725.2979
 23 12  24081.
 23 13  5965.25635
 23 14  4612.29395
 23 15  9478.18652
 23 16  224132.172
 23 17  26211.4277
 23 18  277742.812
 23 19  35719.8867
 23 20  29876.2051
 23 21  250482.375
 23 22  292195.812
 23 23  820122.312
 23 24  208551.516
 23 25  50797.1953
 23 26  30202.0625
 23 27  49816.3008
 23 28  15289.6025
 23 29  11705.9375
 23 30  12541.4453
 23 31 -1445280.
 23 32 -215011.328
 23 33 -42966.1094
 23 34 -7999.06885
 23 35  3431.99292
 23 36  82779.7969
 23 37  159120.531
 23 38  148808.578
 23 39  10272.8369
 23 40  48622.8984
 23 41  53064.2148
 23 42 -15760.5869
 23 43  578.512268
 23 44  9555.26953
 23 45  14521.7705
 24 1  149426.375
 24 2  1603.47253
 24 3  20438.1211
 24 4  80463.0234
 24 5  34432.5469
 24 6  12743.1816
 24 7  9553.75488
 24 8  32885.8867
 24 9  43594.4141
 24 10  17351.793
 24 11  6538.39502
 24 12  11900.3408
 24 13  5799.86035
 24 14  6028.59033
 24 15  3578.20703
 24 16 -838481.125
 24 17 -127564.82
 24 18  32742.2441
 24 19 -105967.562
 24 20  26036.7461
 24 21  138672.344
 24 22  87181.375
 24 23  208551.516
 24 24  563010.188
 24 25  134584.719
 24 26  36059.7812
 24 27  13859.1641
 24 28  33529.8828
 24 29 -348.799805
 24 30 -5629.82227
 24 31 -161667.219
 24 32 -190346.844
 24 33  353395.812
 24 34 -4635.88184
 24 35  82192.2969
 24 36  46279.8867
 24 37  34883.1172
 24 38  67682.375
 24 39  95681.6641
 24 40  5607.33154
 24 41  2777.50928
 24 42  297.459595
 24 43 -3594.53394
 24 44 -5442.77832
 24 45  11515.29
 25 1 -126055.164
 25 2  52560.4102
 25 3  83283.5
 25 4  71245.8984
 25 5  23209.7773
 25 6  13530.4922
 25 7  1105.6853
 25 8  13278.4014
 25 9  15622.7568
 25 10  32587.1758
 25 11  680.902954
 25 12 -299.696472
 25 13  1266.65515
 25 14  4259.64404
 25 15  5362.27686
 25 16  22782.0625
 25 17 -130405.133
 25 18  92961.8047
 25 19  93693.2969
 25 20  89842.6641
 25 21  64476.8438
 25 22  37128.332
 25 23  50797.1953
 25 24  134584.719
 25 25  394510.188
 25 26  78521.9062
 25 27 -5118.49658
 25 28  17536.8711
 25 29  3746.56787
 25 30  1920.31909
 25 31 -12981.2656
 25 32 -286687.125
 25 33  229653.312
 25 34  58348.9609
 25 35  29535.4355
 25 36  49509.8242
 25 37  51978.2812
 25 38  70994.0547
 25 39  28378.1387
 25 40  127689.805
 25 41  19390.0742
 25 42 -13693.2266
 25 43  34772.4531
 25 44  15374.6992
 25 45  15511.7461
 26 1 -96817.5547
 26 2 -38860.2383
 26 3  97535.75
 26 4  14396.6719
 26 5  4198.17285
 26 6  10521.3047
 26 7  8236.50781
 26 8  20153.6289
 26 9  6465.46191
 26 10  6471.34668
 26 11  17534.3066
 26 12  5746.60596
 26 13  4456.64648
 26 14 -537.91571
 26 15  141.227478
 26 16  765898.125
 26 17  114473.148
 26 18  133905.312
 26 19 -39442.5234
 26 20  20086.6055
 26 21  58452.4648
 26 22  22343.8457
 26 23  30202.0625
 26 24  36059.7812
 26 25  78521.9062
 26 26  269086.469
 26 27  32496.8652
 26 28  11342.168
 26 29  8028.62793
 26 30  14079.1982
 26 31  270235.312
 26 32 -283555.375
 26 33  106675.719
 26 34  106311.586
 26 35  81048.0469
 26 36  33845.2461
 26 37  3456.51074
 26 38  40809.8594
 26 39  19506.1367
 26 40  15061.3867
 26 41  68514.0391
 26 42 -224.898468
 26 43  22661.9238
 26 44  9999.89355
 26 45  12224.2754
 27 1  22949.7539
 27 2 -37372.7891
 27 3  21924.9277
 27 4 -34093.3203
 27 5 -8082.04395
 27 6  9368.28711
 27 7  12835.6699
 27 8  10794.4766
 27 9  50.6788177
 27 10  393.720123
 27 11  3192.6272
 27 12  10687.9053
 27 13  5036.35205
 27 14  1672.29956
 27 15  1797.80713
 27 16 -152389.734
 27 17  294584.594
 27 18  124532.766
 27 19  29171.2129
 27 20  36654.1641
 27 21  48787.6719
 27 22  47408.3398
 27 23  49816.3008
 27 24  13859.1641
 27 25 -5118.49658
 27 26  32496.8652
 27 27  194347.266
 27 28  30401.5527
 27 29  3726.61523
 27 30  5013.12598
 27 31 -370023.344
 27 32 -352569.344
 27 33 -22168.2832
 27 34 -12269.3574
 27 35 -33466.6953
 27 36  50708.6836
 27 37  19521.3984
 27 38  20158.832
 27 39  13414.1768
 27 40 -9010.31348
 27 41  27923.6465
 27 42  45602.9062
 27 43  440.496643
 27 44 -7079.89941
 27 45  6935.35986
 28 1  291225.281
 28 2  173866.25
 28 3  151132.469
 28 4  24580.7129
 28 5  13804.5166
 28 6  8497.34863
 28 7 -5712.18115
 28 8  8816.69922
 28 9  7852.59326
 28 10  8643.40234
 28 11  2942.40942
 28 12 -3386.36694
 28 13  8937.51953
 28 14  375.571472
 28 15  1952.04968
 28 16 -245842.031
 28 17 -55762.7773
 28 18 -31452.4277
 28 19 -7445.94922
 28 20  5186.57812
 28 21 -3519.37476
 28 22  25861.5078
 28 23  15289.6025
 28 24  33529.8828
 28 25  17536.8711
 28 26  11342.168
 28 27  30401.5527
 28 28  155082.484
 28 29  27755.3633
 28 30  5831.52832
 28 31  872175.812
 28 32 -239657.578
 28 33  136752.875
 28 34  11828.0615
 28 35  5122.33203
 28 36  12457.4961
 28 37 -14930.6826
 28 38  32339.5859
 28 39  7213.64453
 28 40 -6421.11426
 28 41 -993.028381
 28 42 -16890.7246
 28 43  14934.4395
 28 44 -8105.9707
 28 45 -13573.335
 29 1 -119193.953
 29 2  80629.9141
 29 3 -29254.7324
 29 4  5936.28809
 29 5  30659.5703
 29 6  16229.7178
 29 7  3574.61646
 29 8  12957.1113
 29 9  7990.52539
 29 10  8243.29395
 29 11  5482.81006
 29 12 -2824.74292
 29 13  642.063416
 29 14  6983.24072
 29 15  2538.83105
 29 16 -252433.312
 29 17 -69554.9688
 29 18  88063.9453
 29 19  76814.5469
 29 20  28117.0059
 29 21  19945.9336
 29 22  29710.0664
 29 23  11705.9375
 29 24 -348.799805
 29 25  3746.56787
 29 26  8028.62793
 29 27  3726.61523
 29 28  27755.3633
 29 29  124435.242
 29 30  27296.7715
 29 31 -461568.969
 29 32  161773.453
 29 33 -55244.1758
 29 34 -18986.3867
 29 35  89368.1562
 29 36  28536.6016
 29 37 -20873.3613
 29 38  12727.1982
 29 39  12072.2979
 29 40  9834.18848
 29 41 -2090.52734
 29 42 -19782.7539
 29 43 -10678.9932
 29 44  20955.1055
 29 45 -1800.07935
 30 1  210790.953
 30 2  43864.5234
 30 3  3730.55127
 30 4 -388.409729
 30 5 -31128.6445
 30 6  13408.8701
 30 7  13817.7207
 30 8  5969.17334
 30 9  1693.66663
 30 10  7685.07129
 30 11  10664.4932
 30 12  3711.9248
 30 13  81.0468369
 30 14  2390.17188
 30 15  3206.88501
 30 16  255170.875
 30 17  107257.664
 30 18  48.0331764
 30 19  15643.6494
 30 20 -5458.49609
 30 21  30987.6367
 30 22  24965.7246
 30 23  12541.4453
 30 24 -5629.82227
 30 25  1920.31909
 30 26  14079.1982
 30 27  5013.12598
 30 28  5831.52832
 30 29  27296.7715
 30 30  93565.9531
 30 31  1293949.12
 30 32 -3128.99072
 30 33  5730.41992
 30 34 -83849.2891
 30 35 -22225.7305
 30 36 -1974.52686
 30 37  17975.0098
 30 38  21809.3691
 30 39 -119.789162
 30 40 -8862.81543
 30 41 -17293.998
 30 42 -2665.22729
 30 43  6214.7085
 30 44  704.37207
 30 45  1703.58752
 31 1  361289024.
 31 2  47421724.
 31 3 -3024091.
 31 4 -1030192.19
 31 5  2383117.
 31 6  589012.25
 31 7  96825.6484
 31 8  81053.6719
 31 9 -551917.562
 31 10  865632.5
 31 11  491172.938
 31 12  16655.1211
 31 13  176251.125
 31 14  35508.3555
 31 15 -148683.688
 31 16  860279872.
 31 17  91315160.
 31 18  7445082.
 31 19  10106745.
 31 20  8321876.
 31 21  3691276.25
 31 22 -1922522.62
 31 23 -1445280.
 31 24 -161667.219
 31 25 -12981.2656
 31 26  270235.312
 31 27 -370023.344
 31 28  872175.812
 31 29 -461568.969
 31 30  1293949.12
 31 31  2.16004864E+09
 31 32  65817848.
 31 33  3123354.25
 31 34 -1669400.12
 31 35  3887231.25
 31 36  253784.031
 31 37 -1416901.5
 31 38  520995.375
 31 39 -216176.234
 31 40 -1994510.5
 31 41 -3827712.75
 31 42  193731.531
 31 43  713731.938
 31 44  305608.5
 31 45 -635195.625
 32 1  19321654.
 32 2  11266786.
 32 3  865690.875
 32 4 -1065431.38
 32 5 -812651.688
 32 6 -99039.6484
 32 7  95855.6562
 32 8 -278974.281
 32 9  67073.8594
 32 10  113283.891
 32 11  147773.672
 32 12  119418.43
 32 13  160615.219
 32 14  93809.6641
 32 15 -81443.8594
 32 16 -24259678.
 32 17 -5768295.
 32 18  3358740.5
 32 19 -453312.844
 32 20 -707882.625
 32 21  457756.281
 32 22  523152.781
 32 23 -215011.328
 32 24 -190346.844
 32 25 -286687.125
 32 26 -283555.375
 32 27 -352569.344
 32 28 -239657.578
 32 29  161773.453
 32 30 -3128.99072
 32 31  65817848.
 32 32  156374592.
 32 33  5423185.
 32 34  3048709.
 32 35  1744470.5
 32 36  1146979.5
 32 37 -477342.5
 32 38 -603765.
 32 39  227675.016
 32 40  390077.906
 32 41  113002.68
 32 42  173682.375
 32 43  591124.25
 32 44  12611.6543
 32 45  56609.3633
 33 1  2829111.25
 33 2  455230.656
 33 3  950162.688
 33 4  769961.188
 33 5 -33842.9297
 33 6 -81392.8438
 33 7  325089.625
 33 8 -5425.23047
 33 9 -79926.4219
 33 10 -134797.672
 33 11  100109.039
 33 12  74146.8672
 33 13  42580.2656
 33 14  11474.9062
 33 15  40545.9648
 33 16 -4539613.
 33 17 -1077799.38
 33 18  8805183.
 33 19  2686595.5
 33 20 -578437.312
 33 21  185960.062
 33 22  697716.625
 33 23 -42966.1094
 33 24  353395.812
 33 25  229653.312
 33 26  106675.719
 33 27 -22168.2832
 33 28  136752.875
 33 29 -55244.1758
 33 30  5730.41992
 33 31  3123354.25
 33 32  5423185.
 33 33  46893896.
 33 34  5562530.
 33 35 -1311865.12
 33 36 -397191.188
 33 37  649447.
 33 38  147712.609
 33 39  279619.125
 33 40  89018.4297
 33 41  266466.875
 33 42  229392.406
 33 43  79622.3828
 33 44  72028.9297
 33 45  239019.453
 34 1  592380.688
 34 2  383352.312
 34 3  653953.625
 34 4  418803.25
 34 5  83800.2031
 34 6 -106293.344
 34 7 -42613.1211
 34 8 -46221.6641
 34 9 -84636.7266
 34 10 -4372.49463
 34 11  4592.83643
 34 12 -7383.26904
 34 13 -5872.63086
 34 14 -36739.6602
 34 15  2280.34326
 34 16 -2981837.
 34 17 -3746668.75
 34 18 -1169690.88
 34 19  533710.562
 34 20  736257.375
 34 21 -67957.1172
 34 22  182301.906
 34 23 -7999.06885
 34 24 -4635.88184
 34 25  58348.9609
 34 26  106311.586
 34 27 -12269.3574
 34 28  11828.0615
 34 29 -18986.3867
 34 30 -83849.2891
 34 31 -1669400.12
 34 32  3048709.
 34 33  5562530.
 34 34  16806916.
 34 35  2405989.25
 34 36 -266565.281
 34 37  238618.484
 34 38  243632.094
 34 39  39766.6172
 34 40  56355.6797
 34 41  99583.6641
 34 42  150151.969
 34 43  67666.9141
 34 44  11518.7568
 34 45  3712.35986
 35 1  858318.25
 35 2 -400007.375
 35 3  89645.
 35 4  162578.875
 35 5  424122.562
 35 6  56652.6328
 35 7  45638.5898
 35 8  12781.8799
 35 9 -23391.5723
 35 10 -9647.49902
 35 11  19282.8672
 35 12  11939.0957
 35 13  6136.53564
 35 14  445.519775
 35 15 -166.656815
 35 16  1721218.
 35 17 -2147386.
 35 18 -427468.844
 35 19  284355.312
 35 20  1459720.62
 35 21  398381.531
 35 22  32118.709
 35 23  3431.99292
 35 24  82192.2969
 35 25  29535.4355
 35 26  81048.0469
 35 27 -33466.6953
 35 28  5122.33203
 35 29  89368.1562
 35 30 -22225.7305
 35 31  3887231.25
 35 32  1744470.5
 35 33 -1311865.12
 35 34  2405989.25
 35 35  8327005.5
 35 36  1263662.75
 35 37  58219.8945
 35 38 -22747.4297
 35 39 -8927.12109
 35 40 -149806.297
 35 41 -82850.0156
 35 42 -126105.227
 35 43  100035.242
 35 44  26410.8145
 35 45 -46176.9609
 36 1  387705.219
 36 2 -545431.
 36 3  76129.5625
 36 4  205863.422
 36 5 -66622.0703
 36 6  91427.1094
 36 7  46003.9297
 36 8 -10421.0332
 36 9  16147.3164
 36 10 -29472.084
 36 11 -9390.56348
 36 12 -7232.0127
 36 13 -22651.8906
 36 14 -1255.24268
 36 15  6739.22363
 36 16 -962679.812
 36 17 -1137178.25
 36 18 -261558.922
 36 19  398337.219
 36 20 -269501.156
 36 21  767638.125
 36 22  68665.5938
 36 23  82779.7969
 36 24  46279.8867
 36 25  49509.8242
 36 26  33845.2461
 36 27  50708.6836
 36 28  12457.4961
 36 29  28536.6016
 36 30 -1974.52686
 36 31  253784.031
 36 32  1146979.5
 36 33 -397191.188
 36 34 -266565.281
 36 35  1263662.75
 36 36  3750928.
 36 37  540960.625
 36 38 -37940.3555
 36 39  129029.273
 36 40  69652.1172
 36 41  52804.9844
 36 42 -14087.7539
 36 43  30104.6523
 36 44 -6166.02588
 36 45  45522.3164
 37 1 -229372.375
 37 2  9633.62109
 37 3 -141809.547
 37 4  175635.406
 37 5  294.430359
 37 6 -73129.5469
 37 7  75678.0625
 37 8 -37488.5859
 37 9 -21310.7109
 37 10 -21187.6797
 37 11  9857.9834
 37 12  22929.6582
 37 13 -3187.89551
 37 14  1768.6532
 37 15 -5545.74951
 37 16 -1793394.62
 37 17  712302.312
 37 18  627192.688
 37 19  389031.375
 37 20 -171974.391
 37 21 -152906.953
 37 22  355809.031
 37 23  159120.531
 37 24  34883.1172
 37 25  51978.2812
 37 26  3456.51074
 37 27  19521.3984
 37 28 -14930.6826
 37 29 -20873.3613
 37 30  17975.0098
 37 31 -1416901.5
 37 32 -477342.5
 37 33  649447.
 37 34  238618.484
 37 35  58219.8945
 37 36  540960.625
 37 37  2159885.5
 37 38  222842.266
 37 39 -9122.40527
 37 40 -37244.4062
 37 41 -17472.7031
 37 42  113178.25
 37 43  35953.5781
 37 44 -70248.25
 37 45  35693.1953
 38 1 -534845.312
 38 2  32382.3887
 38 3  78449.3203
 38 4  152556.469
 38 5 -24212.0332
 38 6 -30459.5215
 38 7 -5468.30176
 38 8  41432.7031
 38 9  12662.876
 38 10  7195.95557
 38 11  12921.6475
 38 12  31834.127
 38 13 -3864.32837
 38 14  6624.20361
 38 15  5538.77295
 38 16  1247697.5
 38 17 -421656.344
 38 18  12299.4648
 38 19  195369.516
 38 20  39460.918
 38 21  47423.1523
 38 22  15238.8262
 38 23  148808.578
 38 24  67682.375
 38 25  70994.0547
 38 26  40809.8594
 38 27  20158.832
 38 28  32339.5859
 38 29  12727.1982
 38 30  21809.3691
 38 31  520995.375
 38 32 -603765.
 38 33  147712.609
 38 34  243632.094
 38 35 -22747.4297
 38 36 -37940.3555
 38 37  222842.266
 38 38  1202028.62
 38 39  175250.938
 38 40 -12042.1201
 38 41 -12960.8633
 38 42 -13007.2881
 38 43  2655.92798
 38 44 -11203.7236
 38 45  7278.68555
 39 1 -231754.078
 39 2  36836.3711
 39 3  66273.0547
 39 4  12779.8105
 39 5  28105.4023
 39 6  10066.8105
 39 7  7826.59717
 39 8 -4193.92676
 39 9  18352.6035
 39 10 -3304.2417
 39 11  1860.47839
 39 12  2483.72656
 39 13 -4264.95215
 39 14  1383.04846
 39 15  1535.59851
 39 16 -88245.9531
 39 17 -208413.016
 39 18 -112955.375
 39 19  111984.578
 39 20  53806.4062
 39 21  54297.7109
 39 22  6383.27295
 39 23  10272.8369
 39 24  95681.6641
 39 25  28378.1387
 39 26  19506.1367
 39 27  13414.1768
 39 28  7213.64453
 39 29  12072.2979
 39 30 -119.789162
 39 31 -216176.234
 39 32  227675.016
 39 33  279619.125
 39 34  39766.6172
 39 35 -8927.12109
 39 36  129029.273
 39 37 -9122.40527
 39 38  175250.938
 39 39  766500.562
 39 40  139923.406
 39 41  54447.4492
 39 42  42994.9062
 39 43  1819.47864
 39 44 -3201.99658
 39 45  14006.957
 40 1 -70417.9531
 40 2  206378.5
 40 3  105356.234
 40 4 -31204.3965
 40 5 -4347.1665
 40 6  34175.5
 40 7  21866.9375
 40 8  26286.4473
 40 9  6419.61377
 40 10  26340.5391
 40 11 -3696.85596
 40 12  8926.27344
 40 13  9150.7207
 40 14  3711.54102
 40 15  4393.37695
 40 16 -73606.3828
 40 17 -338952.219
 40 18  251865.422
 40 19  283218.406
 40 20  74863.3281
 40 21  121827.289
 40 22  4714.33496
 40 23  48622.8984
 40 24  5607.33154
 40 25  127689.805
 40 26  15061.3867
 40 27 -9010.31348
 40 28 -6421.11426
 40 29  9834.18848
 40 30 -8862.81543
 40 31 -1994510.5
 40 32  390077.906
 40 33  89018.4297
 40 34  56355.6797
 40 35 -149806.297
 40 36  69652.1172
 40 37 -37244.4062
 40 38 -12042.1201
 40 39  139923.406
 40 40  670134.75
 40 41  137777.281
 40 42  34166.625
 40 43 -10680.0879
 40 44  31837.7949
 40 45  27613.584
 41 1 -431362.531
 41 2  45713.7812
 41 3  88123.3906
 41 4 -20907.5508
 41 5  32772.8477
 41 6  21046.8633
 41 7 -2199.15649
 41 8  15557.5781
 41 9  3847.26587
 41 10  373.795013
 41 11  5454.7832
 41 12  10328.7822
 41 13  8227.26172
 41 14 -3231.15234
 41 15 -325.338745
 41 16 -1706811.12
 41 17  38558.2031
 41 18  43115.5234
 41 19 -11166.4053
 41 20  92197.5703
 41 21  83693.2891
 41 22  28394.4082
 41 23  53064.2148
 41 24  2777.50928
 41 25  19390.0742
 41 26  68514.0391
 41 27  27923.6465
 41 28 -993.028381
 41 29 -2090.52734
 41 30 -17293.998
 41 31 -3827712.75
 41 32  113002.68
 41 33  266466.875
 41 34  99583.6641
 41 35 -82850.0156
 41 36  52804.9844
 41 37 -17472.7031
 41 38 -12960.8633
 41 39  54447.4492
 41 40  137777.281
 41 41  422175.344
 41 42  94386.8594
 41 43  14678.209
 41 44  14745.9805
 41 45  10400.6152
 42 1  180521.609
 42 2  31821.793
 42 3  16383.4512
 42 4 -45344.7305
 42 5 -46104.0273
 42 6 -8274.57227
 42 7  16126.7354
 42 8  919.064819
 42 9 -7035.45264
 42 10  5936.08398
 42 11 -7821.88818
 42 12  8249.99414
 42 13 -5230.5293
 42 14 -3717.37964
 42 15 -3381.80566
 42 16  407400.469
 42 17  383762.406
 42 18  217303.562
 42 19  109510.25
 42 20  21945.2891
 42 21  15637.126
 42 22  9097.7666
 42 23 -15760.5869
 42 24  297.459595
 42 25 -13693.2266
 42 26 -224.898468
 42 27  45602.9062
 42 28 -16890.7246
 42 29 -19782.7539
 42 30 -2665.22729
 42 31  193731.531
 42 32  173682.375
 42 33  229392.406
 42 34  150151.969
 42 35 -126105.227
 42 36 -14087.7539
 42 37  113178.25
 42 38 -13007.2881
 42 39  42994.9062
 42 40  34166.625
 42 41  94386.8594
 42 42  386481.
 42 43  64219.2148
 42 44 -2914.20825
 42 45  18267.2871
 43 1  331976.312
 43 2  161653.141
 43 3 -26845.4922
 43 4 -34260.0625
 43 5 -668.643188
 43 6 -2688.18677
 43 7  5513.47656
 43 8 -1493.05139
 43 9 -781.453857
 43 10  9377.69043
 43 11  2677.36768
 43 12 -2050.67407
 43 13  10261.127
 43 14 -4779.07959
 43 15  2625.61865
 43 16 -667032.125
 43 17 -25168.2305
 43 18 -170730.062
 43 19 -70048.9766
 43 20  37705.5352
 43 21  43149.0156
 43 22  12366.0205
 43 23  578.512268
 43 24 -3594.53394
 43 25  34772.4531
 43 26  22661.9238
 43 27  440.496643
 43 28  14934.4395
 43 29 -10678.9932
 43 30  6214.7085
 43 31  713731.938
 43 32  591124.25
 43 33  79622.3828
 43 34  67666.9141
 43 35  100035.242
 43 36  30104.6523
 43 37  35953.5781
 43 38  2655.92798
 43 39  1819.47864
 43 40 -10680.0879
 43 41  14678.209
 43 42  64219.2148
 43 43  249969.547
 43 44  56998.8398
 43 45  11011.002
 44 1 -158288.25
 44 2  17122.2109
 44 3  55226.2344
 44 4 -14157.8584
 44 5  32463.0293
 44 6  818.710205
 44 7  10425.5781
 44 8  11517.7305
 44 9  270.303253
 44 10  3218.67383
 44 11  6669.57812
 44 12  530.549927
 44 13  5492.92578
 44 14  3992.30225
 44 15  3497.66138
 44 16  696192.062
 44 17  155881.438
 44 18  112182.398
 44 19  23619.0898
 44 20  132908.906
 44 21  68717.4453
 44 22 -5098.70508
 44 23  9555.26953
 44 24 -5442.77832
 44 25  15374.6992
 44 26  9999.89355
 44 27 -7079.89941
 44 28 -8105.9707
 44 29  20955.1055
 44 30  704.37207
 44 31  305608.5
 44 32  12611.6543
 44 33  72028.9297
 44 34  11518.7568
 44 35  26410.8145
 44 36 -6166.02588
 44 37 -70248.25
 44 38 -11203.7236
 44 39 -3201.99658
 44 40  31837.7949
 44 41  14745.9805
 44 42 -2914.20825
 44 43  56998.8398
 44 44  226220.844
 44 45  34853.2734
 45 1 -114944.875
 45 2 -51071.2305
 45 3  49809.793
 45 4  26155.1445
 45 5  21027.0957
 45 6  1277.61853
 45 7  10134.8848
 45 8  765.224548
 45 9 -4556.25146
 45 10 -9921.51953
 45 11 -655.779785
 45 12 -2154.24219
 45 13 -1270.58008
 45 14 -924.348877
 45 15  5505.4082
 45 16 -268487.75
 45 17 -23801.7949
 45 18  116133.508
 45 19  130002.672
 45 20 -14720.1191
 45 21  25237.375
 45 22  12492.0957
 45 23  14521.7705
 45 24  11515.29
 45 25  15511.7461
 45 26  12224.2754
 45 27  6935.35986
 45 28 -13573.335
 45 29 -1800.07935
 45 30  1703.58752
 45 31 -635195.625
 45 32  56609.3633
 45 33  239019.453
 45 34  3712.35986
 45 35 -46176.9609
 45 36  45522.3164
 45 37  35693.1953
 45 38  7278.68555
 45 39  14006.957
 45 40  27613.584
 45 41  10400.6152
 45 42  18267.2871
 45 43  11011.002
 45 44  34853.2734
 45 45  169973.469