 1 1  112886312.
 1 2  13492897.
 1 3 -743649.562
 1 4 -316410.75
 1 5 -134236.453
 1 6  392861.125
 1 7 -18750.9434
 1 8  17656.6758
 1 9 -129880.383
 1 10 -113051.867
 1 11  24886.873
 1 12  43184.2383
 1 13 -111284.992
 1 14 -149357.312
 1 15 -48102.0977
 1 16 -1494904.
 1 17  2863706.25
 1 18 -959971.938
 1 19  699123.188
 1 20  466551.75
 1 21 -801759.312
 1 22 -35977.3477
 1 23 -299997.312
 1 24  212243.734
 1 25 -308636.781
 1 26 -90336.3047
 1 27  165932.484
 1 28  24182.3613
 1 29 -15044.375
 1 30  173656.016
 1 31  245407824.
 1 32  6998580.
 1 33  4897143.
 1 34  1656785.
 1 35 -723446.188
 1 36  546145.
 1 37  417682.5
 1 38 -368005.438
 1 39  470055.875
 1 40  102529.742
 1 41 -182939.453
 1 42  81603.1484
 1 43 -52177.4688
 1 44 -47039.5938
 1 45  51511.3711
 2 1  13492897.
 2 2  18170246.
 2 3  2621816.5
 2 4  318834.938
 2 5  227341.391
 2 6  151142.984
 2 7 -22989.8555
 2 8  43279.8828
 2 9  104865.719
 2 10  25813.5781
 2 11  36866.8086
 2 12  83706.1484
 2 13 -12256.3184
 2 14  7005.4165
 2 15  24615.1367
 2 16 -2359327.5
 2 17  768631.312
 2 18  3284525.25
 2 19 -179069.172
 2 20  361289.594
 2 21 -61255.918
 2 22  248747.172
 2 23 -82841.6484
 2 24  181892.234
 2 25 -19330.8633
 2 26 -24717.2402
 2 27  59735.0664
 2 28 -3386.73901
 2 29 -81897.8906
 2 30  45749.4258
 2 31  24337734.
 2 32  9223035.
 2 33  1225517.62
 2 34  395625.625
 2 35  379446.531
 2 36  420113.938
 2 37  107221.891
 2 38 -137635.938
 2 39  94363.9453
 2 40 -59754.0156
 2 41 -110210.781
 2 42 -41409.4609
 2 43 -21283.6582
 2 44 -75766.5078
 2 45 -14427.4619
 3 1 -743649.562
 3 2  2621816.5
 3 3  4435892.5
 3 4  792131.25
 3 5  234656.5
 3 6  99753.3906
 3 7  43546.2383
 3 8  61552.4023
 3 9  77000.0234
 3 10  53064.9023
 3 11  73786.5781
 3 12  50870.6523
 3 13  16663.3516
 3 14  5941.36377
 3 15  17965.4863
 3 16  2398845.5
 3 17  1965762.75
 3 18  2344636.5
 3 19  504165.406
 3 20  179066.109
 3 21  67638.875
 3 22  176750.75
 3 23  23089.9922
 3 24  231126.016
 3 25  63349.9609
 3 26  53209.8398
 3 27  70410.5
 3 28  46587.7578
 3 29 -10038.3809
 3 30  19079.4863
 3 31  1720569.
 3 32  1133400.38
 3 33  574087.938
 3 34 -107180.844
 3 35  225446.641
 3 36  62362.8086
 3 37  120325.445
 3 38  67203.3906
 3 39  44133.5117
 3 40 -16630.9863
 3 41 -30954.6211
 3 42 -16613.2207
 3 43  30702.9258
 3 44 -21212.7227
 3 45 -11189.666
 4 1 -316410.75
 4 2  318834.938
 4 3  792131.25
 4 4  1387139.62
 4 5  272088.969
 4 6  63340.5898
 4 7  34816.1602
 4 8  33394.1875
 4 9  19421.0762
 4 10  15175.3643
 4 11  26464.5977
 4 12  11579.8232
 4 13  5433.63672
 4 14  10161.3076
 4 15  10547.8076
 4 16 -577652.562
 4 17  118889.711
 4 18  284207.969
 4 19  669942.312
 4 20  158798.875
 4 21 -2700.95825
 4 22 -13483.3203
 4 23  1277.48999
 4 24  948.491943
 4 25  26319.5938
 4 26  18190.9023
 4 27 -9450.63672
 4 28 -2417.05737
 4 29  13563.8691
 4 30  2899.73242
 4 31 -477838.688
 4 32  12928.1396
 4 33  152131.438
 4 34  695113.188
 4 35  75199.6406
 4 36  33916.3125
 4 37 -15398.4551
 4 38  45788.0117
 4 39  12003.5615
 4 40  10987.3154
 4 41 -21851.3887
 4 42 -21028.6543
 4 43  18159.1641
 4 44  5602.21631
 4 45 -3260.11475
 5 1 -134236.453
 5 2  227341.391
 5 3  234656.5
 5 4  272088.969
 5 5  578403.875
 5 6  140424.922
 5 7  29959.6523
 5 8  30263.3301
 5 9  24719.2363
 5 10  18098.6777
 5 11  14095.6602
 5 12  10857.2031
 5 13  10845.7832
 5 14 -429.574432
 5 15  2186.85474
 5 16 -855058.875
 5 17 -87637.25
 5 18 -2498.96704
 5 19  245970.
 5 20  367146.406
 5 21  89271.5859
 5 22  28823.1875
 5 23  31369.1309
 5 24  37597.2695
 5 25  51578.0234
 5 26  40515.6172
 5 27  18018.8594
 5 28  8423.12891
 5 29 -1361.09741
 5 30  16569.0664
 5 31 -1591352.75
 5 32  43300.7969
 5 33 -77686.7344
 5 34  1702.73682
 5 35  166374.359
 5 36 -15998.3506
 5 37 -69185.8203
 5 38  8327.6875
 5 39  23579.373
 5 40  10419.0322
 5 41  10813.292
 5 42  9345.86523
 5 43  13765.1699
 5 44  5794.51709
 5 45  4849.06836
 6 1  392861.125
 6 2  151142.984
 6 3  99753.3906
 6 4  63340.5898
 6 5  140424.922
 6 6  297793.469
 6 7  94059.1094
 6 8  42309.2852
 6 9  30031.3574
 6 10  24758.1719
 6 11  16642.8848
 6 12  12840.2891
 6 13  6858.06494
 6 14  432.204193
 6 15  1051.01855
 6 16 -111672.133
 6 17 -87394.3672
 6 18  98346.375
 6 19  76075.1328
 6 20  102267.531
 6 21  100854.922
 6 22  44889.3203
 6 23  18785.3457
 6 24  31621.0547
 6 25  23065.4707
 6 26 -3967.83154
 6 27  3874.31348
 6 28  14281.1562
 6 29  2801.22607
 6 30  13079.1592
 6 31  392126.188
 6 32  86318.1094
 6 33  240931.719
 6 34  62613.2227
 6 35  56291.6523
 6 36  152614.797
 6 37 -14780.7803
 6 38 -1605.59912
 6 39 -21227.4961
 6 40  3961.69385
 6 41  17832.0508
 6 42  6388.30518
 6 43  16761.7148
 6 44  1683.96777
 6 45 -2706.04956
 7 1 -18750.9434
 7 2 -22989.8555
 7 3  43546.2383
 7 4  34816.1602
 7 5  29959.6523
 7 6  94059.1094
 7 7  172987.875
 7 8  54339.6758
 7 9  26425.1445
 7 10  20518.2012
 7 11  13546.0039
 7 12  9789.96387
 7 13  4660.03564
 7 14  5359.97656
 7 15  1610.62378
 7 16  15809.6504
 7 17  119239.336
 7 18  31635.4141
 7 19  111138.414
 7 20  81416.6328
 7 21  68106.4844
 7 22  69323.7109
 7 23  37852.332
 7 24  36846.7109
 7 25  24028.7754
 7 26  5564.44531
 7 27  5044.33008
 7 28  11333.4775
 7 29  5196.16357
 7 30  7058.35645
 7 31  326114.312
 7 32 -174515.328
 7 33 -29129.0996
 7 34  43046.2578
 7 35 -17175.3203
 7 36 -12451.4727
 7 37  61823.4297
 7 38  4414.62598
 7 39 -14311.1074
 7 40  14159.3848
 7 41  11880.1172
 7 42  89.275795
 7 43  2928.85278
 7 44 -3316.17749
 7 45  1134.34802
 8 1  17656.6758
 8 2  43279.8828
 8 3  61552.4023
 8 4  33394.1875
 8 5  30263.3301
 8 6  42309.2852
 8 7  54339.6758
 8 8  105696.594
 8 9  29547.041
 8 10  13933.5137
 8 11  11059.6445
 8 12  7571.85254
 8 13  5795.51709
 8 14  7078.55664
 8 15  1649.75964
 8 16  282008.812
 8 17  132565.859
 8 18  119470.008
 8 19  35375.2812
 8 20  36548.4844
 8 21  20131.2676
 8 22  36999.457
 8 23  63834.3281
 8 24  18196.5664
 8 25  10483.8203
 8 26  14275.4004
 8 27  4101.13721
 8 28  1646.58801
 8 29  2607.88623
 8 30  7869.05469
 8 31 -234941.781
 8 32 -280296.625
 8 33 -23828.1758
 8 34  33826.7461
 8 35  18361.8848
 8 36  34508.9492
 8 37  11460.9219
 8 38  29731.2031
 8 39 -3069.00415
 8 40 -4876.99219
 8 41  5581.61182
 8 42  1811.52307
 8 43 -1411.16089
 8 44 -904.00531
 8 45  3984.24707
 9 1 -129880.383
 9 2  104865.719
 9 3  77000.0234
 9 4  19421.0762
 9 5  24719.2363
 9 6  30031.3574
 9 7  26425.1445
 9 8  29547.041
 9 9  70136.3438
 9 10  22188.8887
 9 11  9599.47363
 9 12  8286.00293
 9 13  6185.25537
 9 14  4027.68677
 9 15  3448.44995
 9 16 -202437.609
 9 17  27152.7676
 9 18  83064.2656
 9 19  16139.5234
 9 20  54067.6797
 9 21  37896.7773
 9 22  10399.8418
 9 23  16791.4082
 9 24  23030.8438
 9 25  14178.2705
 9 26  17678.9434
 9 27  9696.49414
 9 28  8984.89062
 9 29  1371.75562
 9 30  5050.32422
 9 31 -404589.375
 9 32 -98768.0234
 9 33 -9292.35254
 9 34  9631.2959
 9 35  45323.4688
 9 36  28142.502
 9 37 -8176.68359
 9 38  20886.3789
 9 39  24984.8086
 9 40 -2574.48389
 9 41  5236.76318
 9 42 -6.68751049
 9 43 -2040.46008
 9 44  3491.14868
 9 45  8070.23926
 10 1 -113051.867
 10 2  25813.5781
 10 3  53064.9023
 10 4  15175.3643
 10 5  18098.6777
 10 6  24758.1719
 10 7  20518.2012
 10 8  13933.5137
 10 9  22188.8887
 10 10  55942.7969
 10 11  14815.5
 10 12  5891.68604
 10 13  6223.34961
 10 14  4518.4458
 10 15  3471.54028
 10 16 -190243.031
 10 17  9720.94141
 10 18 -3842.36816
 10 19  39229.0547
 10 20  21882.5879
 10 21  22177.6289
 10 22  11378.168
 10 23  9699.71094
 10 24  14715.4844
 10 25  19224.918
 10 26  15138.6094
 10 27  3872.60742
 10 28  7550.47705
 10 29  1767.71313
 10 30  4610.89404
 10 31 -187429.203
 10 32 -114519.328
 10 33  29481.123
 10 34  71033.8906
 10 35  26991.4961
 10 36  9477.31641
 10 37  11489.251
 10 38  3464.26709
 10 39  11487.5781
 10 40  14594.1836
 10 41  7715.53125
 10 42 -9327.61914
 10 43  1744.38123
 10 44  6278.00098
 10 45  4882.65869
 11 1  24886.873
 11 2  36866.8086
 11 3  73786.5781
 11 4  26464.5977
 11 5  14095.6602
 11 6  16642.8848
 11 7  13546.0039
 11 8  11059.6445
 11 9  9599.47363
 11 10  14815.5
 11 11  36329.2617
 11 12  7580.34277
 11 13  4886.94824
 11 14  4316.28223
 11 15  2852.48267
 11 16  166712.953
 11 17  72627.6172
 11 18  98953.5781
 11 19 -12999.7441
 11 20  7243.73047
 11 21  6809.96973
 11 22  16465.3359
 11 23  18164.4355
 11 24  15619.1328
 11 25  5407.27441
 11 26  11705.6533
 11 27  6233.62207
 11 28  686.474426
 11 29  1809.22339
 11 30  740.863892
 11 31  75438.2031
 11 32  5504.60693
 11 33  21342.873
 11 34 -11049.0566
 11 35 -16480.668
 11 36 -7420.30762
 11 37  4820.0957
 11 38  8416.34082
 11 39  4663.26514
 11 40  3260.66577
 11 41  9417.78418
 11 42 -10005.3486
 11 43 -526.046387
 11 44  7361.9292
 11 45  5129.5249
 12 1  43184.2383
 12 2  83706.1484
 12 3  50870.6523
 12 4  11579.8232
 12 5  10857.2031
 12 6  12840.2891
 12 7  9789.96387
 12 8  7571.85254
 12 9  8286.00293
 12 10  5891.68604
 12 11  7580.34277
 12 12  27259.5645
 12 13  7064.0752
 12 14  3812.09082
 12 15  1905.34937
 12 16  180277.109
 12 17  22469.4219
 12 18  40584.7188
 12 19  11416.4287
 12 20  17047.252
 12 21  14604.4736
 12 22  17432.9707
 12 23  5061.69482
 12 24  13806.5576
 12 25  2151.89429
 12 26  2417.76904
 12 27  5166.44971
 12 28  4256.71826
 12 29  1731.73975
 12 30  1395.74023
 12 31  268574.156
 12 32 -117944.016
 12 33  12702.3672
 12 34  2695.91089
 12 35  12754.0283
 12 36  836.644836
 12 37  6767.10791
 12 38 -2804.98755
 12 39 -6276.94775
 12 40 -2061.57104
 12 41 -3828.63989
 12 42 -393.957306
 12 43 -381.697968
 12 44  4183.04004
 12 45  1509.35352
 13 1 -111284.992
 13 2 -12256.3184
 13 3  16663.3516
 13 4  5433.63672
 13 5  10845.7832
 13 6  6858.06494
 13 7  4660.03564
 13 8  5795.51709
 13 9  6185.25537
 13 10  6223.34961
 13 11  4886.94824
 13 12  7064.0752
 13 13  21266.4023
 13 14  6221.33691
 13 15  3016.29004
 13 16 -77810.8438
 13 17 -53912.332
 13 18  7397.74512
 13 19  29569.9258
 13 20  6969.62402
 13 21 -1083.00208
 13 22  4632.48291
 13 23  6641.56055
 13 24  13996.5938
 13 25  1282.70398
 13 26 -788.749939
 13 27  1295.83215
 13 28  5234.6167
 13 29 -139.116684
 13 30 -799.212402
 13 31 -270514.
 13 32 -74934.5391
 13 33 -58276.7891
 13 34  22351.3945
 13 35  13065.0449
 13 36 -6047.729
 13 37 -71.5701599
 13 38  6131.93311
 13 39  1241.60583
 13 40 -1152.82751
 13 41 -3401.93091
 13 42 -782.571594
 13 43  6802.72949
 13 44  3988.42529
 13 45  638.183228
 14 1 -149357.312
 14 2  7005.4165
 14 3  5941.36377
 14 4  10161.3076
 14 5 -429.574432
 14 6  432.204193
 14 7  5359.97656
 14 8  7078.55664
 14 9  4027.68677
 14 10  4518.4458
 14 11  4316.28223
 14 12  3812.09082
 14 13  6221.33691
 14 14  18025.5371
 14 15  5008.94238
 14 16 -191237.625
 14 17  3987.90112
 14 18  21199.793
 14 19  19702.8418
 14 20  5875.57471
 14 21  1087.85791
 14 22 -3008.12695
 14 23  10033.4854
 14 24  8740.90527
 14 25  1658.37939
 14 26  1023.69739
 14 27  1076.76208
 14 28  598.074036
 14 29  1428.62146
 14 30  197.754807
 14 31 -420123.562
 14 32  15963.5957
 14 33 -8822.32617
 14 34  24680.1582
 14 35  257.526062
 14 36  2590.92383
 14 37 -3750.47095
 14 38  5970.4082
 14 39 -1376.24048
 14 40  4501.36768
 14 41 -1284.75208
 14 42 -1488.99548
 14 43 -1721.81311
 14 44  8474.72754
 14 45  2979.04175
 15 1 -48102.0977
 15 2  24615.1367
 15 3  17965.4863
 15 4  10547.8076
 15 5  2186.85474
 15 6  1051.01855
 15 7  1610.62378
 15 8  1649.75964
 15 9  3448.44995
 15 10  3471.54028
 15 11  2852.48267
 15 12  1905.34937
 15 13  3016.29004
 15 14  5008.94238
 15 15  14237.3086
 15 16  190805.594
 15 17 -5562.39258
 15 18  47473.0781
 15 19 -10070.2822
 15 20  1230.93481
 15 21  1710.31494
 15 22 -133.683823
 15 23 -390.156769
 15 24  4479.22705
 15 25  1227.40747
 15 26  724.206787
 15 27  201.800079
 15 28  585.967407
 15 29 -2252.56787
 15 30  1849.13635
 15 31 -182102.266
 15 32  45749.207
 15 33  34345.0352
 15 34 -9694.42188
 15 35  14614.3008
 15 36  10943.0352
 15 37 -1317.45837
 15 38  3423.11792
 15 39  3077.34155
 15 40  2414.18823
 15 41  152.152206
 15 42 -1020.52313
 15 43  2136.37988
 15 44  2769.3562
 15 45  6038.2583
 16 1 -1494904.
 16 2 -2359327.5
 16 3  2398845.5
 16 4 -577652.562
 16 5 -855058.875
 16 6 -111672.133
 16 7  15809.6504
 16 8  282008.812
 16 9 -202437.609
 16 10 -190243.031
 16 11  166712.953
 16 12  180277.109
 16 13 -77810.8438
 16 14 -191237.625
 16 15  190805.594
 16 16  598522816.
 16 17  34200644.
 16 18  6517797.5
 16 19  2208985.25
 16 20 -197595.516
 16 21  1178093.88
 16 22  1542080.38
 16 23  819449.562
 16 24  723933.812
 16 25  329946.719
 16 26  652267.625
 16 27  314109.531
 16 28  297239.906
 16 29  243091.234
 16 30  108588.938
 16 31  84536232.
 16 32  1414370.5
 16 33  9291993.
 16 34 -587789.938
 16 35  1255123.38
 16 36  92111.5625
 16 37  358632.969
 16 38 -577734.562
 16 39  391069.281
 16 40  747139.938
 16 41  770675.875
 16 42  571288.812
 16 43 -288522.594
 16 44  148682.953
 16 45  130691.938
 17 1  2863706.25
 17 2  768631.312
 17 3  1965762.75
 17 4  118889.711
 17 5 -87637.25
 17 6 -87394.3672
 17 7  119239.336
 17 8  132565.859
 17 9  27152.7676
 17 10  9720.94141
 17 11  72627.6172
 17 12  22469.4219
 17 13 -53912.332
 17 14  3987.90112
 17 15 -5562.39258
 17 16  34200644.
 17 17  82690128.
 17 18  8393481.
 17 19  395516.25
 17 20 -369687.844
 17 21  129389.391
 17 22  152523.016
 17 23  240897.781
 17 24  579168.5
 17 25  542062.188
 17 26  342951.938
 17 27  104615.453
 17 28  34675.9844
 17 29  142917.125
 17 30 -84193.7344
 17 31  10632963.
 17 32  5321488.
 17 33  1461658.88
 17 34  1112623.5
 17 35  1657270.25
 17 36 -692694.5
 17 37 -228762.984
 17 38 -154600.141
 17 39  121519.016
 17 40  227952.703
 17 41  109664.
 17 42 -38364.2773
 17 43  150838.5
 17 44  153587.719
 17 45  298012.844
 18 1 -959971.938
 18 2  3284525.25
 18 3  2344636.5
 18 4  284207.969
 18 5 -2498.96704
 18 6  98346.375
 18 7  31635.4141
 18 8  119470.008
 18 9  83064.2656
 18 10 -3842.36816
 18 11  98953.5781
 18 12  40584.7188
 18 13  7397.74512
 18 14  21199.793
 18 15  47473.0781
 18 16  6517797.5
 18 17  8393481.
 18 18  18358772.
 18 19  3076212.
 18 20  571034.625
 18 21  231679.016
 18 22  280860.75
 18 23  116962.203
 18 24  190156.891
 18 25  151075.797
 18 26  70462.3125
 18 27  10149.4775
 18 28 -48866.3906
 18 29  6342.71094
 18 30  12926.2539
 18 31 -5393866.
 18 32  4469781.
 18 33  5018896.5
 18 34  1686327.12
 18 35  444356.656
 18 36 -28541.4844
 18 37 -204475.406
 18 38  284768.125
 18 39  140673.422
 18 40  105983.875
 18 41  18705.7773
 18 42  34490.8867
 18 43 -524.411377
 18 44  120257.078
 18 45  113503.57
 19 1  699123.188
 19 2 -179069.172
 19 3  504165.406
 19 4  669942.312
 19 5  245970.
 19 6  76075.1328
 19 7  111138.414
 19 8  35375.2812
 19 9  16139.5234
 19 10  39229.0547
 19 11 -12999.7441
 19 12  11416.4287
 19 13  29569.9258
 19 14  19702.8418
 19 15 -10070.2822
 19 16  2208985.25
 19 17  395516.25
 19 18  3076212.
 19 19  9032722.
 19 20  1436816.5
 19 21  123024.789
 19 22  103572.578
 19 23  43683.1094
 19 24  61764.9375
 19 25  46801.3281
 19 26  38233.5977
 19 27 -374.713715
 19 28  28265.5684
 19 29  21679.3867
 19 30  60978.125
 19 31  598081.5
 19 32 -2385476.5
 19 33  253478.953
 19 34  3125016.
 19 35  365906.719
 19 36 -214856.344
 19 37 -59289.6289
 19 38  48166.7305
 19 39 -14024.2871
 19 40  107141.812
 19 41 -79275.2578
 19 42  48764.957
 19 43  113292.234
 19 44 -4718.93457
 19 45  37708.3672
 20 1  466551.75
 20 2  361289.594
 20 3  179066.109
 20 4  158798.875
 20 5  367146.406
 20 6  102267.531
 20 7  81416.6328
 20 8  36548.4844
 20 9  54067.6797
 20 10  21882.5879
 20 11  7243.73047
 20 12  17047.252
 20 13  6969.62402
 20 14  5875.57471
 20 15  1230.93481
 20 16 -197595.516
 20 17 -369687.844
 20 18  571034.625
 20 19  1436816.5
 20 20  3196042.5
 20 21  649681.188
 20 22  363489.219
 20 23  189847.641
 20 24  95516.9922
 20 25  71364.0391
 20 26  45086.1953
 20 27  61150.1055
 20 28  57565.5352
 20 29  11631.2402
 20 30  48600.9492
 20 31  1607342.62
 20 32 -1728878.12
 20 33 -191283.203
 20 34  296257.906
 20 35  517438.156
 20 36  32247.7598
 20 37 -57592.9609
 20 38  2357.94849
 20 39 -35246.2109
 20 40  66475.7188
 20 41 -3330.48486
 20 42  46823.1562
 20 43  43016.0391
 20 44  61357.5859
 20 45  51500.3906
 21 1 -801759.312
 21 2 -61255.918
 21 3  67638.875
 21 4 -2700.95825
 21 5  89271.5859
 21 6  100854.922
 21 7  68106.4844
 21 8  20131.2676
 21 9  37896.7773
 21 10  22177.6289
 21 11  6809.96973
 21 12  14604.4736
 21 13 -1083.00208
 21 14  1087.85791
 21 15  1710.31494
 21 16  1178093.88
 21 17  129389.391
 21 18  231679.016
 21 19  123024.789
 21 20  649681.188
 21 21  1586126.75
 21 22  381598.094
 21 23  131206.562
 21 24  50363.0742
 21 25  15141.0762
 21 26  20738.4902
 21 27  54993.4414
 21 28  25412.9746
 21 29 -1230.43555
 21 30  33021.5625
 21 31 -1924447.5
 21 32  13553.4336
 21 33  163248.766
 21 34 -48740.043
 21 35  232419.094
 21 36  328307.875
 21 37  77667.4609
 21 38 -50417.7656
 21 39 -64543.3359
 21 40  64827.8828
 21 41  56423.1641
 21 42  38907.043
 21 43 -4692.47998
 21 44 -6752.18799
 21 45  13619.4424
 22 1 -35977.3477
 22 2  248747.172
 22 3  176750.75
 22 4 -13483.3203
 22 5  28823.1875
 22 6  44889.3203
 22 7  69323.7109
 22 8  36999.457
 22 9  10399.8418
 22 10  11378.168
 22 11  16465.3359
 22 12  17432.9707
 22 13  4632.48291
 22 14 -3008.12695
 22 15 -133.683823
 22 16  1542080.38
 22 17  152523.016
 22 18  280860.75
 22 19  103572.578
 22 20  363489.219
 22 21  381598.094
 22 22  938211.5
 22 23  221230.219
 22 24  70178.2031
 22 25  55396.8867
 22 26  41157.5312
 22 27  28425.6133
 22 28  29058.0879
 22 29  2958.15015
 22 30  24282.9355
 22 31  329299.219
 22 32 -802662.812
 22 33  201915.156
 22 34  42794.2461
 22 35  206679.766
 22 36  141971.016
 22 37  264933.75
 22 38  98756.2812
 22 39 -4674.39111
 22 40 -21320.7754
 22 41  23222.793
 22 42  20157.9004
 22 43  2668.67676
 22 44  5483.2749
 22 45  9717.72656
 23 1 -299997.312
 23 2 -82841.6484
 23 3  23089.9922
 23 4  1277.48999
 23 5  31369.1309
 23 6  18785.3457
 23 7  37852.332
 23 8  63834.3281
 23 9  16791.4082
 23 10  9699.71094
 23 11  18164.4355
 23 12  5061.69482
 23 13  6641.56055
 23 14  10033.4854
 23 15 -390.156769
 23 16  819449.562
 23 17  240897.781
 23 18  116962.203
 23 19  43683.1094
 23 20  189847.641
 23 21  131206.562
 23 22  221230.219
 23 23  572345.625
 23 24  132443.375
 23 25  34375.8047
 23 26  41266.1328
 23 27  4387.42822
 23 28  13343.3125
 23 29  19993.4277
 23 30  16532.8711
 23 31 -1338387.
 23 32 -580822.625
 23 33 -231633.297
 23 34  28818.4961
 23 35  111822.273
 23 36  21421.8906
 23 37  121255.578
 23 38  177070.922
 23 39 -6079.11084
 23 40 -6492.43262
 23 41 -2273.52026
 23 42  12148.1836
 23 43  90.6144257
 23 44  8981.21289
 23 45  22926.0898
 24 1  212243.734
 24 2  181892.234
 24 3  231126.016
 24 4  948.491943
 24 5  37597.2695
 24 6  31621.0547
 24 7  36846.7109
 24 8  18196.5664
 24 9  23030.8438
 24 10  14715.4844
 24 11  15619.1328
 24 12  13806.5576
 24 13  13996.5938
 24 14  8740.90527
 24 15  4479.22705
 24 16  723933.812
 24 17  579168.5
 24 18  190156.891
 24 19  61764.9375
 24 20  95516.9922
 24 21  50363.0742
 24 22  70178.2031
 24 23  132443.375
 24 24  391372.812
 24 25  84499.8984
 24 26  38335.0195
 24 27  27737.8203
 24 28  24925.6816
 24 29  18181.1562
 24 30  21498.2715
 24 31  130114.344
 24 32 -317449.25
 24 33  152688.266
 24 34  120659.477
 24 35  7914.23291
 24 36 -23424.6816
 24 37  49067.7578
 24 38  58818.1641
 24 39  89986.2812
 24 40 -2224.86865
 24 41 -10109.9971
 24 42  6929.40918
 24 43  9608.52344
 24 44  13689.9531
 24 45  18146.5918
 25 1 -308636.781
 25 2 -19330.8633
 25 3  63349.9609
 25 4  26319.5938
 25 5  51578.0234
 25 6  23065.4707
 25 7  24028.7754
 25 8  10483.8203
 25 9  14178.2705
 25 10  19224.918
 25 11  5407.27441
 25 12  2151.89429
 25 13  1282.70398
 25 14  1658.37939
 25 15  1227.40747
 25 16  329946.719
 25 17  542062.188
 25 18  151075.797
 25 19  46801.3281
 25 20  71364.0391
 25 21  15141.0762
 25 22  55396.8867
 25 23  34375.8047
 25 24  84499.8984
 25 25  283543.688
 25 26  59051.1992
 25 27  15916.6289
 25 28  16026.0254
 25 29  3041.1709
 25 30  22063.0703
 25 31 -1036131.
 25 32  56213.8594
 25 33  302440.812
 25 34  145394.906
 25 35  120590.32
 25 36 -45281.8125
 25 37  22031.6758
 25 38  21458.4844
 25 39  34820.2969
 25 40  47173.8984
 25 41  5831.60449
 25 42 -24382.3516
 25 43  6910.66406
 25 44  16828.5996
 25 45  7838.31592
 26 1 -90336.3047
 26 2 -24717.2402
 26 3  53209.8398
 26 4  18190.9023
 26 5  40515.6172
 26 6 -3967.83154
 26 7  5564.44531
 26 8  14275.4004
 26 9  17678.9434
 26 10  15138.6094
 26 11  11705.6533
 26 12  2417.76904
 26 13 -788.749939
 26 14  1023.69739
 26 15  724.206787
 26 16  652267.625
 26 17  342951.938
 26 18  70462.3125
 26 19  38233.5977
 26 20  45086.1953
 26 21  20738.4902
 26 22  41157.5312
 26 23  41266.1328
 26 24  38335.0195
 26 25  59051.1992
 26 26  204841.391
 26 27  50384.7773
 26 28  19334.3887
 26 29  13045.8711
 26 30  9269.05664
 26 31 -547821.688
 26 32 -103708.609
 26 33  22093.0098
 26 34  39398.3438
 26 35  30071.4512
 26 36 -2648.79712
 26 37 -6510.14209
 26 38  8671.30176
 26 39  5063.43506
 26 40  2560.60376
 26 41  33265.1602
 26 42 -11138.8896
 26 43  4734.50537
 26 44  14900.7656
 26 45  8066.78857
 27 1  165932.484
 27 2  59735.0664
 27 3  70410.5
 27 4 -9450.63672
 27 5  18018.8594
 27 6  3874.31348
 27 7  5044.33008
 27 8  4101.13721
 27 9  9696.49414
 27 10  3872.60742
 27 11  6233.62207
 27 12  5166.44971
 27 13  1295.83215
 27 14  1076.76208
 27 15  201.800079
 27 16  314109.531
 27 17  104615.453
 27 18  10149.4775
 27 19 -374.713715
 27 20  61150.1055
 27 21  54993.4414
 27 22  28425.6133
 27 23  4387.42822
 27 24  27737.8203
 27 25  15916.6289
 27 26  50384.7773
 27 27  140049.094
 27 28  31979.4297
 27 29  16267.4502
 27 30  11886.8604
 27 31  86229.3516
 27 32 -182695.797
 27 33  6767.1377
 27 34  34403.4922
 27 35 -31926.1992
 27 36  1753.72473
 27 37 -18332.377
 27 38 -559.939941
 27 39  6275.41309
 27 40  19886.9824
 27 41  3262.27393
 27 42  9838.13184
 27 43  4633.30371
 27 44  9024.61914
 27 45 -4510.70801
 28 1  24182.3613
 28 2 -3386.73901
 28 3  46587.7578
 28 4 -2417.05737
 28 5  8423.12891
 28 6  14281.1562
 28 7  11333.4775
 28 8  1646.58801
 28 9  8984.89062
 28 10  7550.47705
 28 11  686.474426
 28 12  4256.71826
 28 13  5234.6167
 28 14  598.074036
 28 15  585.967407
 28 16  297239.906
 28 17  34675.9844
 28 18 -48866.3906
 28 19  28265.5684
 28 20  57565.5352
 28 21  25412.9746
 28 22  29058.0879
 28 23  13343.3125
 28 24  24925.6816
 28 25  16026.0254
 28 26  19334.3887
 28 27  31979.4297
 28 28  120759.203
 28 29  27552.7676
 28 30  11404.2871
 28 31 -45239.6562
 28 32 -116493.312
 28 33  14492.999
 28 34  32481.2617
 28 35 -8150.68408
 28 36  20207.7871
 28 37  16492.0547
 28 38 -2109.55127
 28 39  2247.78613
 28 40  3098.47363
 28 41  3933.68018
 28 42  7307.60254
 28 43  10024.0742
 28 44 -3671.3894
 28 45  3428.11084
 29 1 -15044.375
 29 2 -81897.8906
 29 3 -10038.3809
 29 4  13563.8691
 29 5 -1361.09741
 29 6  2801.22607
 29 7  5196.16357
 29 8  2607.88623
 29 9  1371.75562
 29 10  1767.71313
 29 11  1809.22339
 29 12  1731.73975
 29 13 -139.116684
 29 14  1428.62146
 29 15 -2252.56787
 29 16  243091.234
 29 17  142917.125
 29 18  6342.71094
 29 19  21679.3867
 29 20  11631.2402
 29 21 -1230.43555
 29 22  2958.15015
 29 23  19993.4277
 29 24  18181.1562
 29 25  3041.1709
 29 26  13045.8711
 29 27  16267.4502
 29 28  27552.7676
 29 29  90937.875
 29 30  21290.9199
 29 31 -553449.25
 29 32 -90048.4688
 29 33 -15744.1855
 29 34 -15580.0654
 29 35 -53040.1484
 29 36 -35848.0039
 29 37  4192.67139
 29 38  15542.2148
 29 39 -1186.10352
 29 40  8871.76074
 29 41  64.7837372
 29 42 -4282.61865
 29 43  8043.92432
 29 44  5544.57617
 29 45  1606.88965
 30 1  173656.016
 30 2  45749.4258
 30 3  19079.4863
 30 4  2899.73242
 30 5  16569.0664
 30 6  13079.1592
 30 7  7058.35645
 30 8  7869.05469
 30 9  5050.32422
 30 10  4610.89404
 30 11  740.863892
 30 12  1395.74023
 30 13 -799.212402
 30 14  197.754807
 30 15  1849.13635
 30 16  108588.938
 30 17 -84193.7344
 30 18  12926.2539
 30 19  60978.125
 30 20  48600.9492
 30 21  33021.5625
 30 22  24282.9355
 30 23  16532.8711
 30 24  21498.2715
 30 25  22063.0703
 30 26  9269.05664
 30 27  11886.8604
 30 28  11404.2871
 30 29  21290.9199
 30 30  74672.6875
 30 31  257852.172
 30 32  54942.5547
 30 33  17926.5977
 30 34  35778.2734
 30 35 -11613.9463
 30 36 -16592.0586
 30 37  8828.72949
 30 38  1403.69739
 30 39  3176.7041
 30 40  14898.7461
 30 41 -3303.01074
 30 42  1767.69263
 30 43  10522.3672
 30 44  8330.02344
 30 45  8007.06055
 31 1  245407824.
 31 2  24337734.
 31 3  1720569.
 31 4 -477838.688
 31 5 -1591352.75
 31 6  392126.188
 31 7  326114.312
 31 8 -234941.781
 31 9 -404589.375
 31 10 -187429.203
 31 11  75438.2031
 31 12  268574.156
 31 13 -270514.
 31 14 -420123.562
 31 15 -182102.266
 31 16  84536232.
 31 17  10632963.
 31 18 -5393866.
 31 19  598081.5
 31 20  1607342.62
 31 21 -1924447.5
 31 22  329299.219
 31 23 -1338387.
 31 24  130114.344
 31 25 -1036131.
 31 26 -547821.688
 31 27  86229.3516
 31 28 -45239.6562
 31 29 -553449.25
 31 30  257852.172
 31 31  1.07751078E+09
 31 32  44357876.
 31 33  17116978.
 31 34  4845992.
 31 35  251222.422
 31 36  24363.0391
 31 37  589477.625
 31 38 -140987.859
 31 39  847285.75
 31 40  1172806.12
 31 41  876434.5
 31 42  361532.344
 31 43 -867337.
 31 44 -522076.5
 31 45  461310.531
 32 1  6998580.
 32 2  9223035.
 32 3  1133400.38
 32 4  12928.1396
 32 5  43300.7969
 32 6  86318.1094
 32 7 -174515.328
 32 8 -280296.625
 32 9 -98768.0234
 32 10 -114519.328
 32 11  5504.60693
 32 12 -117944.016
 32 13 -74934.5391
 32 14  15963.5957
 32 15  45749.207
 32 16  1414370.5
 32 17  5321488.
 32 18  4469781.
 32 19 -2385476.5
 32 20 -1728878.12
 32 21  13553.4336
 32 22 -802662.812
 32 23 -580822.625
 32 24 -317449.25
 32 25  56213.8594
 32 26 -103708.609
 32 27 -182695.797
 32 28 -116493.312
 32 29 -90048.4688
 32 30  54942.5547
 32 31  44357876.
 32 32  112997736.
 32 33  8456853.
 32 34 -2505202.75
 32 35 -463047.969
 32 36  487567.969
 32 37  61600.1445
 32 38 -831125.625
 32 39  274629.812
 32 40  339916.875
 32 41  361278.469
 32 42 -172247.531
 32 43  271973.125
 32 44  139144.609
 32 45 -170108.078
 33 1  4897143.
 33 2  1225517.62
 33 3  574087.938
 33 4  152131.438
 33 5 -77686.7344
 33 6  240931.719
 33 7 -29129.0996
 33 8 -23828.1758
 33 9 -9292.35254
 33 10  29481.123
 33 11  21342.873
 33 12  12702.3672
 33 13 -58276.7891
 33 14 -8822.32617
 33 15  34345.0352
 33 16  9291993.
 33 17  1461658.88
 33 18  5018896.5
 33 19  253478.953
 33 20 -191283.203
 33 21  163248.766
 33 22  201915.156
 33 23 -231633.297
 33 24  152688.266
 33 25  302440.812
 33 26  22093.0098
 33 27  6767.1377
 33 28  14492.999
 33 29 -15744.1855
 33 30  17926.5977
 33 31  17116978.
 33 32  8456853.
 33 33  36538104.
 33 34  4590742.
 33 35  1028848.62
 33 36  266013.062
 33 37 -115107.031
 33 38  467803.188
 33 39  192723.344
 33 40  416458.688
 33 41  122485.109
 33 42 -62259.3945
 33 43 -150267.5
 33 44 -103051.227
 33 45  91750.5391
 34 1  1656785.
 34 2  395625.625
 34 3 -107180.844
 34 4  695113.188
 34 5  1702.73682
 34 6  62613.2227
 34 7  43046.2578
 34 8  33826.7461
 34 9  9631.2959
 34 10  71033.8906
 34 11 -11049.0566
 34 12  2695.91089
 34 13  22351.3945
 34 14  24680.1582
 34 15 -9694.42188
 34 16 -587789.938
 34 17  1112623.5
 34 18  1686327.12
 34 19  3125016.
 34 20  296257.906
 34 21 -48740.043
 34 22  42794.2461
 34 23  28818.4961
 34 24  120659.477
 34 25  145394.906
 34 26  39398.3438
 34 27  34403.4922
 34 28  32481.2617
 34 29 -15580.0654
 34 30  35778.2734
 34 31  4845992.
 34 32 -2505202.75
 34 33  4590742.
 34 34  13853248.
 34 35  1750851.25
 34 36 -268466.531
 34 37 -146087.766
 34 38  234109.
 34 39  11210.1855
 34 40  101981.094
 34 41 -11304.7949
 34 42 -85325.7031
 34 43  73508.1172
 34 44  48715.2539
 34 45  16427.1484
 35 1 -723446.188
 35 2  379446.531
 35 3  225446.641
 35 4  75199.6406
 35 5  166374.359
 35 6  56291.6523
 35 7 -17175.3203
 35 8  18361.8848
 35 9  45323.4688
 35 10  26991.4961
 35 11 -16480.668
 35 12  12754.0283
 35 13  13065.0449
 35 14  257.526062
 35 15  14614.3008
 35 16  1255123.38
 35 17  1657270.25
 35 18  444356.656
 35 19  365906.719
 35 20  517438.156
 35 21  232419.094
 35 22  206679.766
 35 23  111822.273
 35 24  7914.23291
 35 25  120590.32
 35 26  30071.4512
 35 27 -31926.1992
 35 28 -8150.68408
 35 29 -53040.1484
 35 30 -11613.9463
 35 31  251222.422
 35 32 -463047.969
 35 33  1028848.62
 35 34  1750851.25
 35 35  4741461.5
 35 36  627618.188
 35 37 -46608.8594
 35 38  184490.125
 35 39  87642.6719
 35 40 -17591.2578
 35 41 -69182.9531
 35 42  63177.2812
 35 43  37866.7266
 35 44  25563.4395
 35 45  24107.125
 36 1  546145.
 36 2  420113.938
 36 3  62362.8086
 36 4  33916.3125
 36 5 -15998.3506
 36 6  152614.797
 36 7 -12451.4727
 36 8  34508.9492
 36 9  28142.502
 36 10  9477.31641
 36 11 -7420.30762
 36 12  836.644836
 36 13 -6047.729
 36 14  2590.92383
 36 15  10943.0352
 36 16  92111.5625
 36 17 -692694.5
 36 18 -28541.4844
 36 19 -214856.344
 36 20  32247.7598
 36 21  328307.875
 36 22  141971.016
 36 23  21421.8906
 36 24 -23424.6816
 36 25 -45281.8125
 36 26 -2648.79712
 36 27  1753.72473
 36 28  20207.7871
 36 29 -35848.0039
 36 30 -16592.0586
 36 31  24363.0391
 36 32  487567.969
 36 33  266013.062
 36 34 -268466.531
 36 35  627618.188
 36 36  2408363.75
 36 37  344925.562
 36 38  84606.5469
 36 39  47464.4844
 36 40 -44946.1836
 36 41 -8384.85938
 36 42  29954.3867
 36 43 -34007.457
 36 44  3649.70776
 36 45  18877.3828
 37 1  417682.5
 37 2  107221.891
 37 3  120325.445
 37 4 -15398.4551
 37 5 -69185.8203
 37 6 -14780.7803
 37 7  61823.4297
 37 8  11460.9219
 37 9 -8176.68359
 37 10  11489.251
 37 11  4820.0957
 37 12  6767.10791
 37 13 -71.5701599
 37 14 -3750.47095
 37 15 -1317.45837
 37 16  358632.969
 37 17 -228762.984
 37 18 -204475.406
 37 19 -59289.6289
 37 20 -57592.9609
 37 21  77667.4609
 37 22  264933.75
 37 23  121255.578
 37 24  49067.7578
 37 25  22031.6758
 37 26 -6510.14209
 37 27 -18332.377
 37 28  16492.0547
 37 29  4192.67139
 37 30  8828.72949
 37 31  589477.625
 37 32  61600.1445
 37 33 -115107.031
 37 34 -146087.766
 37 35 -46608.8594
 37 36  344925.562
 37 37  1384686.75
 37 38  303887.094
 37 39  65911.7188
 37 40  43927.7969
 37 41  22591.8535
 37 42 -18706.7852
 37 43  39683.293
 37 44  25221.4336
 37 45 -101.215652
 38 1 -368005.438
 38 2 -137635.938
 38 3  67203.3906
 38 4  45788.0117
 38 5  8327.6875
 38 6 -1605.59912
 38 7  4414.62598
 38 8  29731.2031
 38 9  20886.3789
 38 10  3464.26709
 38 11  8416.34082
 38 12 -2804.98755
 38 13  6131.93311
 38 14  5970.4082
 38 15  3423.11792
 38 16 -577734.562
 38 17 -154600.141
 38 18  284768.125
 38 19  48166.7305
 38 20  2357.94849
 38 21 -50417.7656
 38 22  98756.2812
 38 23  177070.922
 38 24  58818.1641
 38 25  21458.4844
 38 26  8671.30176
 38 27 -559.939941
 38 28 -2109.55127
 38 29  15542.2148
 38 30  1403.69739
 38 31 -140987.859
 38 32 -831125.625
 38 33  467803.188
 38 34  234109.
 38 35  184490.125
 38 36  84606.5469
 38 37  303887.094
 38 38  900619.5
 38 39  157861.844
 38 40  23689.2461
 38 41 -1568.33167
 38 42 -5100.85449
 38 43  4536.07422
 38 44  21968.2754
 38 45  18697.0449
 39 1  470055.875
 39 2  94363.9453
 39 3  44133.5117
 39 4  12003.5615
 39 5  23579.373
 39 6 -21227.4961
 39 7 -14311.1074
 39 8 -3069.00415
 39 9  24984.8086
 39 10  11487.5781
 39 11  4663.26514
 39 12 -6276.94775
 39 13  1241.60583
 39 14 -1376.24048
 39 15  3077.34155
 39 16  391069.281
 39 17  121519.016
 39 18  140673.422
 39 19 -14024.2871
 39 20 -35246.2109
 39 21 -64543.3359
 39 22 -4674.39111
 39 23 -6079.11084
 39 24  89986.2812
 39 25  34820.2969
 39 26  5063.43506
 39 27  6275.41309
 39 28  2247.78613
 39 29 -1186.10352
 39 30  3176.7041
 39 31  847285.75
 39 32  274629.812
 39 33  192723.344
 39 34  11210.1855
 39 35  87642.6719
 39 36  47464.4844
 39 37  65911.7188
 39 38  157861.844
 39 39  586130.312
 39 40  113996.508
 39 41 -3969.30542
 39 42  24524.1309
 39 43  3219.00684
 39 44  7757.7915
 39 45  14674.3428
 40 1  102529.742
 40 2 -59754.0156
 40 3 -16630.9863
 40 4  10987.3154
 40 5  10419.0322
 40 6  3961.69385
 40 7  14159.3848
 40 8 -4876.99219
 40 9 -2574.48389
 40 10  14594.1836
 40 11  3260.66577
 40 12 -2061.57104
 40 13 -1152.82751
 40 14  4501.36768
 40 15  2414.18823
 40 16  747139.938
 40 17  227952.703
 40 18  105983.875
 40 19  107141.812
 40 20  66475.7188
 40 21  64827.8828
 40 22 -21320.7754
 40 23 -6492.43262
 40 24 -2224.86865
 40 25  47173.8984
 40 26  2560.60376
 40 27  19886.9824
 40 28  3098.47363
 40 29  8871.76074
 40 30  14898.7461
 40 31  1172806.12
 40 32  339916.875
 40 33  416458.688
 40 34  101981.094
 40 35 -17591.2578
 40 36 -44946.1836
 40 37  43927.7969
 40 38  23689.2461
 40 39  113996.508
 40 40  416225.75
 40 41  69094.9375
 40 42  6519.59131
 40 43  21307.4238
 40 44  10296.6436
 40 45 -1526.15186
 41 1 -182939.453
 41 2 -110210.781
 41 3 -30954.6211
 41 4 -21851.3887
 41 5  10813.292
 41 6  17832.0508
 41 7  11880.1172
 41 8  5581.61182
 41 9  5236.76318
 41 10  7715.53125
 41 11  9417.78418
 41 12 -3828.63989
 41 13 -3401.93091
 41 14 -1284.75208
 41 15  152.152206
 41 16  770675.875
 41 17  109664.
 41 18  18705.7773
 41 19 -79275.2578
 41 20 -3330.48486
 41 21  56423.1641
 41 22  23222.793
 41 23 -2273.52026
 41 24 -10109.9971
 41 25  5831.60449
 41 26  33265.1602
 41 27  3262.27393
 41 28  3933.68018
 41 29  64.7837372
 41 30 -3303.01074
 41 31  876434.5
 41 32  361278.469
 41 33  122485.109
 41 34 -11304.7949
 41 35 -69182.9531
 41 36 -8384.85938
 41 37  22591.8535
 41 38 -1568.33167
 41 39 -3969.30542
 41 40  69094.9375
 41 41  329829.125
 41 42  34146.5117
 41 43  7405.14795
 41 44  18351.9199
 41 45  19473.8477
 42 1  81603.1484
 42 2 -41409.4609
 42 3 -16613.2207
 42 4 -21028.6543
 42 5  9345.86523
 42 6  6388.30518
 42 7  89.275795
 42 8  1811.52307
 42 9 -6.68751049
 42 10 -9327.61914
 42 11 -10005.3486
 42 12 -393.957306
 42 13 -782.571594
 42 14 -1488.99548
 42 15 -1020.52313
 42 16  571288.812
 42 17 -38364.2773
 42 18  34490.8867
 42 19  48764.957
 42 20  46823.1562
 42 21  38907.043
 42 22  20157.9004
 42 23  12148.1836
 42 24  6929.40918
 42 25 -24382.3516
 42 26 -11138.8896
 42 27  9838.13184
 42 28  7307.60254
 42 29 -4282.61865
 42 30  1767.69263
 42 31  361532.344
 42 32 -172247.531
 42 33 -62259.3945
 42 34 -85325.7031
 42 35  63177.2812
 42 36  29954.3867
 42 37 -18706.7852
 42 38 -5100.85449
 42 39  24524.1309
 42 40  6519.59131
 42 41  34146.5117
 42 42  246992.141
 42 43  47692.1484
 42 44  14962.3398
 42 45  5555.37402
 43 1 -52177.4688
 43 2 -21283.6582
 43 3  30702.9258
 43 4  18159.1641
 43 5  13765.1699
 43 6  16761.7148
 43 7  2928.85278
 43 8 -1411.16089
 43 9 -2040.46008
 43 10  1744.38123
 43 11 -526.046387
 43 12 -381.697968
 43 13  6802.72949
 43 14 -1721.81311
 43 15  2136.37988
 43 16 -288522.594
 43 17  150838.5
 43 18 -524.411377
 43 19  113292.234
 43 20  43016.0391
 43 21 -4692.47998
 43 22  2668.67676
 43 23  90.6144257
 43 24  9608.52344
 43 25  6910.66406
 43 26  4734.50537
 43 27  4633.30371
 43 28  10024.0742
 43 29  8043.92432
 43 30  10522.3672
 43 31 -867337.
 43 32  271973.125
 43 33 -150267.5
 43 34  73508.1172
 43 35  37866.7266
 43 36 -34007.457
 43 37  39683.293
 43 38  4536.07422
 43 39  3219.00684
 43 40  21307.4238
 43 41  7405.14795
 43 42  47692.1484
 43 43  182649.625
 43 44  36926.4883
 43 45  6602.17725
 44 1 -47039.5938
 44 2 -75766.5078
 44 3 -21212.7227
 44 4  5602.21631
 44 5  5794.51709
 44 6  1683.96777
 44 7 -3316.17749
 44 8 -904.00531
 44 9  3491.14868
 44 10  6278.00098
 44 11  7361.9292
 44 12  4183.04004
 44 13  3988.42529
 44 14  8474.72754
 44 15  2769.3562
 44 16  148682.953
 44 17  153587.719
 44 18  120257.078
 44 19 -4718.93457
 44 20  61357.5859
 44 21 -6752.18799
 44 22  5483.2749
 44 23  8981.21289
 44 24  13689.9531
 44 25  16828.5996
 44 26  14900.7656
 44 27  9024.61914
 44 28 -3671.3894
 44 29  5544.57617
 44 30  8330.02344
 44 31 -522076.5
 44 32  139144.609
 44 33 -103051.227
 44 34  48715.2539
 44 35  25563.4395
 44 36  3649.70776
 44 37  25221.4336
 44 38  21968.2754
 44 39  7757.7915
 44 40  10296.6436
 44 41  18351.9199
 44 42  14962.3398
 44 43  36926.4883
 44 44  168192.5
 44 45  33848.6094
 45 1  51511.3711
 45 2 -14427.4619
 45 3 -11189.666
 45 4 -3260.11475
 45 5  4849.06836
 45 6 -2706.04956
 45 7  1134.34802
 45 8  3984.24707
 45 9  8070.23926
 45 10  4882.65869
 45 11  5129.5249
 45 12  1509.35352
 45 13  638.183228
 45 14  2979.04175
 45 15  6038.2583
 45 16  130691.938
 45 17  298012.844
 45 18  113503.57
 45 19  37708.3672
 45 20  51500.3906
 45 21  13619.4424
 45 22  9717.72656
 45 23  22926.0898
 45 24  18146.5918
 45 25  7838.31592
 45 26  8066.78857
 45 27 -4510.70801
 45 28  3428.11084
 45 29  1606.88965
 45 30  8007.06055
 45 31  461310.531
 45 32 -170108.078
 45 33  91750.5391
 45 34  16427.1484
 45 35  24107.125
 45 36  18877.3828
 45 37 -101.215652
 45 38  18697.0449
 45 39  14674.3428
 45 40 -1526.15186
 45 41  19473.8477
 45 42  5555.37402
 45 43  6602.17725
 45 44  33848.6094
 45 45  118725.547