           1           1   14355684.0000000     
           1           2   2360172.75000000     
           1           3   550989.500000000     
           1           4   403399.875000000     
           1           5   225300.219000000     
           1           6   48793.0977000000     
           1           7   97335.3750000000     
           1           8   26706.9219000000     
           1           9   31081.5898000000     
           1          10   68204.6016000000     
           1          11   84562.3125000000     
           1          12   36912.2148000000     
           1          13   37784.2930000000     
           1          14   32057.7988000000     
           1          15   4709899.50000000     
           1          16   2489786.00000000     
           1          17   537994.188000000     
           1          18   422350.688000000     
           1          19   148384.500000000     
           1          20   71171.3125000000     
           1          21   267047.438000000     
           1          22   48774.4766000000     
           1          23   6669.64258000000     
           1          24  -28436.0625000000     
           1          25   46028.0039000000     
           1          26   110286.578000000     
           1          27  -48997.7930000000     
           1          28   60905.4844000000     
           1          29   5290378.50000000     
           1          30   203752.141000000     
           1          31   63939.2227000000     
           1          32   159874.094000000     
           1          33  -28568.8867000000     
           1          34  -287198.625000000     
           1          35   190714.172000000     
           1          36   49938.3555000000     
           1          37  -103980.617000000     
           1          38   98985.4688000000     
           1          39   15183.4775000000     
           1          40  -39546.8789000000     
           1          41  -103315.867000000     
           1          42  -41817.7891000000     
           2           1   2360172.75000000     
           2           2   3450699.75000000     
           2           3   601611.562000000     
           2           4   223640.875000000     
           2           5   101897.516000000     
           2           6   99366.2812000000     
           2           7   64423.6211000000     
           2           8   33982.7344000000     
           2           9   40587.7383000000     
           2          10   35591.5664000000     
           2          11   36356.5234000000     
           2          12   18786.0820000000     
           2          13   14841.6006000000     
           2          14   12277.9033000000     
           2          15   1105244.75000000     
           2          16   2174131.00000000     
           2          17   545720.875000000     
           2          18   370835.938000000     
           2          19   177806.234000000     
           2          20   127929.219000000     
           2          21   107623.461000000     
           2          22   69298.3828000000     
           2          23   62683.7969000000     
           2          24   56100.2656000000     
           2          25   57235.8789000000     
           2          26   78916.3906000000     
           2          27   17283.7598000000     
           2          28   17961.6641000000     
           2          29   1691965.62000000     
           2          30   1954898.25000000     
           2          31  -63948.6797000000     
           2          32  -8122.17920000000     
           2          33   24107.6465000000     
           2          34   49988.2227000000     
           2          35   175495.297000000     
           2          36   75455.7812000000     
           2          37   79426.3438000000     
           2          38   58175.5391000000     
           2          39   21169.6680000000     
           2          40   24438.7109000000     
           2          41   20486.4727000000     
           2          42   40063.4414000000     
           3           1   550989.500000000     
           3           2   601611.562000000     
           3           3   1023942.69000000     
           3           4   168207.156000000     
           3           5   67240.6953000000     
           3           6   38442.8711000000     
           3           7   18375.2188000000     
           3           8   6714.24707000000     
           3           9   7160.57812000000     
           3          10   14102.5615000000     
           3          11   12127.7402000000     
           3          12   971.940979000000     
           3          13   3866.88843000000     
           3          14   7694.44531000000     
           3          15   944677.000000000     
           3          16   667495.688000000     
           3          17   601602.562000000     
           3          18   128671.180000000     
           3          19   58652.4688000000     
           3          20   87446.2578000000     
           3          21   25953.6484000000     
           3          22   7997.57422000000     
           3          23   17472.0703000000     
           3          24   20643.6035000000     
           3          25  -6374.19775000000     
           3          26   15005.6172000000     
           3          27  -278.975616000000     
           3          28   14369.2227000000     
           3          29   255112.328000000     
           3          30   463576.062000000     
           3          31   639170.438000000     
           3          32  -84460.7500000000     
           3          33   1153.13660000000     
           3          34   30903.9492000000     
           3          35   8164.17676000000     
           3          36  -9060.15430000000     
           3          37   21027.8633000000     
           3          38   19784.3945000000     
           3          39   21706.3145000000     
           3          40  -10418.2334000000     
           3          41   13657.1504000000     
           3          42   19465.8418000000     
           4           1   403399.875000000     
           4           2   223640.875000000     
           4           3   168207.156000000     
           4           4   458882.000000000     
           4           5   98171.0703000000     
           4           6   50845.6523000000     
           4           7   28939.4512000000     
           4           8   13673.7266000000     
           4           9   16755.5684000000     
           4          10   18689.3105000000     
           4          11   15499.4766000000     
           4          12   14448.3271000000     
           4          13   9283.85254000000     
           4          14   5770.66797000000     
           4          15   108286.836000000     
           4          16   157277.922000000     
           4          17   56247.1641000000     
           4          18   183056.531000000     
           4          19   128792.453000000     
           4          20   20718.7754000000     
           4          21   6748.58838000000     
           4          22   13216.2939000000     
           4          23   16667.8828000000     
           4          24   22640.5918000000     
           4          25   18421.5020000000     
           4          26   12342.0811000000     
           4          27   1323.89258000000     
           4          28   12822.9785000000     
           4          29   24624.5059000000     
           4          30   155885.438000000     
           4          31  -32730.8281000000     
           4          32   179814.953000000     
           4          33   19738.1562000000     
           4          34  -2135.84155000000     
           4          35   9470.29297000000     
           4          36  -8492.33496000000     
           4          37  -1968.55518000000     
           4          38   7864.72461000000     
           4          39   42496.5195000000     
           4          40   2824.45972000000     
           4          41   7494.97119000000     
           4          42   6747.09229000000     
           5           1   225300.219000000     
           5           2   101897.516000000     
           5           3   67240.6953000000     
           5           4   98171.0703000000     
           5           5   238105.734000000     
           5           6   64053.4648000000     
           5           7   21131.7246000000     
           5           8   15162.4756000000     
           5           9   13100.9463000000     
           5          10   10635.3008000000     
           5          11   14003.4424000000     
           5          12   7266.78662000000     
           5          13   6454.17676000000     
           5          14   6107.68701000000     
           5          15  -37934.7461000000     
           5          16   127969.773000000     
           5          17   62781.6875000000     
           5          18   42391.6602000000     
           5          19   124375.719000000     
           5          20   24193.2168000000     
           5          21   16078.9551000000     
           5          22   31411.6738000000     
           5          23   27101.8008000000     
           5          24   19501.0898000000     
           5          25   16326.7744000000     
           5          26   14596.7354000000     
           5          27   8492.42969000000     
           5          28   7032.10645000000     
           5          29  -42936.2461000000     
           5          30   67099.0625000000     
           5          31  -10659.5547000000     
           5          32  -68178.5625000000     
           5          33   123892.758000000     
           5          34   20297.3496000000     
           5          35   13429.1455000000     
           5          36   3123.29761000000     
           5          37   12164.1523000000     
           5          38   23010.7051000000     
           5          39   21992.9609000000     
           5          40   100.794884000000     
           5          41   4308.14355000000     
           5          42   1544.00525000000     
           6           1   48793.0977000000     
           6           2   99366.2812000000     
           6           3   38442.8711000000     
           6           4   50845.6523000000     
           6           5   64053.4648000000     
           6           6   134334.078000000     
           6           7   36167.1836000000     
           6           8   14673.1152000000     
           6           9   10302.0732000000     
           6          10   7482.71484000000     
           6          11   7324.72607000000     
           6          12   7167.69678000000     
           6          13   5055.97900000000     
           6          14   6357.76123000000     
           6          15  -102857.414000000     
           6          16   144632.672000000     
           6          17   66302.8203000000     
           6          18   21871.5410000000     
           6          19   32508.6367000000     
           6          20   54167.7422000000     
           6          21   333.757080000000     
           6          22   8186.03516000000     
           6          23   6132.10303000000     
           6          24   13741.2334000000     
           6          25   5460.13525000000     
           6          26   15588.7354000000     
           6          27   3109.54614000000     
           6          28   4531.97168000000     
           6          29  -180928.234000000     
           6          30   104461.633000000     
           6          31  -25163.5020000000     
           6          32  -1970.38208000000     
           6          33  -9347.34961000000     
           6          34   58096.0742000000     
           6          35   10069.8887000000     
           6          36   4328.76709000000     
           6          37   2694.86621000000     
           6          38   23451.4336000000     
           6          39   22248.3223000000     
           6          40   5341.28467000000     
           6          41   4436.82324000000     
           6          42   7604.82471000000     
           7           1   97335.3750000000     
           7           2   64423.6211000000     
           7           3   18375.2188000000     
           7           4   28939.4512000000     
           7           5   21131.7246000000     
           7           6   36167.1836000000     
           7           7   86835.8047000000     
           7           8   18047.1797000000     
           7           9   9627.31152000000     
           7          10   6612.26465000000     
           7          11   8620.55859000000     
           7          12   5958.81299000000     
           7          13   5756.17725000000     
           7          14   6290.26416000000     
           7          15  -94540.4766000000     
           7          16   23047.2090000000     
           7          17   35683.4258000000     
           7          18   59757.6992000000     
           7          19   24032.8125000000     
           7          20   26996.5430000000     
           7          21   39715.4883000000     
           7          22   16460.8730000000     
           7          23   6442.00146000000     
           7          24   14519.6436000000     
           7          25   9290.10156000000     
           7          26   7687.46924000000     
           7          27   2970.72119000000     
           7          28   4464.20508000000     
           7          29   9087.50781000000     
           7          30   99455.2578000000     
           7          31  -3077.50269000000     
           7          32  -14912.3066000000     
           7          33  -27474.8672000000     
           7          34  -7507.52100000000     
           7          35   43994.3516000000     
           7          36   8673.11328000000     
           7          37   169.284714000000     
           7          38   9356.86328000000     
           7          39   8130.70996000000     
           7          40   2517.47534000000     
           7          41  -586.710510000000     
           7          42  -1524.69189000000     
           8           1   26706.9219000000     
           8           2   33982.7344000000     
           8           3   6714.24707000000     
           8           4   13673.7266000000     
           8           5   15162.4756000000     
           8           6   14673.1152000000     
           8           7   18047.1797000000     
           8           8   55999.3047000000     
           8           9   15761.1777000000     
           8          10   6269.47510000000     
           8          11   3742.12793000000     
           8          12   3252.17432000000     
           8          13   3826.76416000000     
           8          14   1799.79883000000     
           8          15  -124771.945000000     
           8          16   29010.9668000000     
           8          17   28647.2344000000     
           8          18   4695.39795000000     
           8          19   17962.5391000000     
           8          20   9840.54980000000     
           8          21   11813.8252000000     
           8          22   23121.8945000000     
           8          23   4332.30078000000     
           8          24   6453.69824000000     
           8          25   3959.17969000000     
           8          26   2941.60889000000     
           8          27   3793.32739000000     
           8          28   2199.17261000000     
           8          29   13433.3174000000     
           8          30   54444.0977000000     
           8          31  -5781.96143000000     
           8          32  -28852.9453000000     
           8          33   12767.6240000000     
           8          34   3033.55640000000     
           8          35   10884.5293000000     
           8          36   15863.6699000000     
           8          37  -4832.89746000000     
           8          38   1124.26758000000     
           8          39  -4001.53760000000     
           8          40  -2949.64087000000     
           8          41   5192.12891000000     
           8          42   2121.50562000000     
           9           1   31081.5898000000     
           9           2   40587.7383000000     
           9           3   7160.57812000000     
           9           4   16755.5684000000     
           9           5   13100.9463000000     
           9           6   10302.0732000000     
           9           7   9627.31152000000     
           9           8   15761.1777000000     
           9           9   41804.9883000000     
           9          10   10155.4111000000     
           9          11   7276.39062000000     
           9          12   3836.52344000000     
           9          13   2507.66089000000     
           9          14   2420.94360000000     
           9          15  -106912.883000000     
           9          16   57839.8906000000     
           9          17   11897.7627000000     
           9          18   9006.95215000000     
           9          19   10747.1348000000     
           9          20   9048.72852000000     
           9          21   1875.78174000000     
           9          22   14272.7520000000     
           9          23   13543.2871000000     
           9          24   555.064697000000     
           9          25   5176.38086000000     
           9          26   4563.19336000000     
           9          27   4275.98438000000     
           9          28   4902.37354000000     
           9          29   119.233604000000     
           9          30   125859.891000000     
           9          31   27080.1406000000     
           9          32   7794.53369000000     
           9          33   36320.6133000000     
           9          34   9024.50586000000     
           9          35   2867.93701000000     
           9          36   6827.19531000000     
           9          37   10552.8145000000     
           9          38  -1282.76062000000     
           9          39  -3326.85840000000     
           9          40   180.019821000000     
           9          41   1217.05359000000     
           9          42  -6568.75586000000     
          10           1   68204.6016000000     
          10           2   35591.5664000000     
          10           3   14102.5615000000     
          10           4   18689.3105000000     
          10           5   10635.3008000000     
          10           6   7482.71484000000     
          10           7   6612.26465000000     
          10           8   6269.47510000000     
          10           9   10155.4111000000     
          10          10   32249.4512000000     
          10          11   8452.74512000000     
          10          12   4465.73193000000     
          10          13   3141.64453000000     
          10          14   2740.01562000000     
          10          15  -60078.5391000000     
          10          16   61445.4062000000     
          10          17  -11317.4463000000     
          10          18   11619.6992000000     
          10          19   17798.3496000000     
          10          20   3299.79126000000     
          10          21   4597.44580000000     
          10          22   6817.42920000000     
          10          23   6082.42676000000     
          10          24   7091.60400000000     
          10          25   5420.79492000000     
          10          26  -1004.06793000000     
          10          27   1496.38257000000     
          10          28   1105.63843000000     
          10          29  -61787.7500000000     
          10          30  -6106.25635000000     
          10          31  -30279.4277000000     
          10          32  -10981.8779000000     
          10          33  -14462.3330000000     
          10          34  -8996.95508000000     
          10          35   6631.41699000000     
          10          36   11509.2393000000     
          10          37   1897.52930000000     
          10          38   8066.90576000000     
          10          39   5196.80225000000     
          10          40  -7851.09766000000     
          10          41   1983.41650000000     
          10          42  -700.652893000000     
          11           1   84562.3125000000     
          11           2   36356.5234000000     
          11           3   12127.7402000000     
          11           4   15499.4766000000     
          11           5   14003.4424000000     
          11           6   7324.72607000000     
          11           7   8620.55859000000     
          11           8   3742.12793000000     
          11           9   7276.39062000000     
          11          10   8452.74512000000     
          11          11   26529.0801000000     
          11          12   7034.35010000000     
          11          13   3077.04565000000     
          11          14   1677.84802000000     
          11          15  -53639.3711000000     
          11          16   20991.9121000000     
          11          17  -10276.9473000000     
          11          18   1770.33301000000     
          11          19   11705.2383000000     
          11          20   5625.73242000000     
          11          21   4528.20166000000     
          11          22   9477.89648000000     
          11          23   1321.19873000000     
          11          24   921.061768000000     
          11          25   8034.34521000000     
          11          26   4810.10010000000     
          11          27   3577.27197000000     
          11          28   2497.82104000000     
          11          29   35842.2656000000     
          11          30   23488.6816000000     
          11          31   50631.3555000000     
          11          32   9063.71875000000     
          11          33  -9287.91406000000     
          11          34  -265.907257000000     
          11          35   7549.94922000000     
          11          36   2686.88428000000     
          11          37   1262.58069000000     
          11          38   3669.00879000000     
          11          39   9044.10938000000     
          11          40  -2570.32471000000     
          11          41   1912.20618000000     
          11          42  -2089.72021000000     
          12           1   36912.2148000000     
          12           2   18786.0820000000     
          12           3   971.940979000000     
          12           4   14448.3271000000     
          12           5   7266.78662000000     
          12           6   7167.69678000000     
          12           7   5958.81299000000     
          12           8   3252.17432000000     
          12           9   3836.52344000000     
          12          10   4465.73193000000     
          12          11   7034.35010000000     
          12          12   20017.0000000000     
          12          13   5622.68701000000     
          12          14   2168.37891000000     
          12          15  -4471.20703000000     
          12          16   17900.7734000000     
          12          17  -31302.3242000000     
          12          18  -962.749146000000     
          12          19   7345.39062000000     
          12          20   5233.00293000000     
          12          21   964.812622000000     
          12          22  -1920.27722000000     
          12          23   2038.71301000000     
          12          24   1966.37219000000     
          12          25   3883.96338000000     
          12          26   4514.75195000000     
          12          27   2358.89551000000     
          12          28   2067.29492000000     
          12          29  -9797.32227000000     
          12          30  -28741.0195000000     
          12          31  -4667.65234000000     
          12          32   311.909241000000     
          12          33  -295.454437000000     
          12          34  -904.399231000000     
          12          35  -562.939087000000     
          12          36   8092.48096000000     
          12          37  -1980.88330000000     
          12          38  -865.193909000000     
          12          39  -250.629745000000     
          12          40   5833.05518000000     
          12          41  -1466.58997000000     
          12          42   900.870483000000     
          13           1   37784.2930000000     
          13           2   14841.6006000000     
          13           3   3866.88843000000     
          13           4   9283.85254000000     
          13           5   6454.17676000000     
          13           6   5055.97900000000     
          13           7   5756.17725000000     
          13           8   3826.76416000000     
          13           9   2507.66089000000     
          13          10   3141.64453000000     
          13          11   3077.04565000000     
          13          12   5622.68701000000     
          13          13   15598.2256000000     
          13          14   4983.58301000000     
          13          15  -4406.83984000000     
          13          16   51549.4258000000     
          13          17   859.304565000000     
          13          18   14945.9980000000     
          13          19   6571.78564000000     
          13          20   2559.94946000000     
          13          21   3311.96411000000     
          13          22   5655.11377000000     
          13          23   1851.27905000000     
          13          24   740.261292000000     
          13          25   2326.83130000000     
          13          26   2085.92407000000     
          13          27   4841.43799000000     
          13          28   2354.26489000000     
          13          29  -55340.4883000000     
          13          30  -6348.10205000000     
          13          31   17090.2852000000     
          13          32   7320.14795000000     
          13          33  -2010.76428000000     
          13          34   573.016235000000     
          13          35   2444.94727000000     
          13          36  -1010.47363000000     
          13          37  -2385.97852000000     
          13          38  -3955.78271000000     
          13          39   399.326172000000     
          13          40   5273.67871000000     
          13          41   4607.02734000000     
          13          42   4135.43359000000     
          14           1   32057.7988000000     
          14           2   12277.9033000000     
          14           3   7694.44531000000     
          14           4   5770.66797000000     
          14           5   6107.68701000000     
          14           6   6357.76123000000     
          14           7   6290.26416000000     
          14           8   1799.79883000000     
          14           9   2420.94360000000     
          14          10   2740.01562000000     
          14          11   1677.84802000000     
          14          12   2168.37891000000     
          14          13   4983.58301000000     
          14          14   13389.2354000000     
          14          15   10361.3711000000     
          14          16   40877.2734000000     
          14          17   14960.6758000000     
          14          18   7149.92139000000     
          14          19   5442.95312000000     
          14          20   3537.21680000000     
          14          21   7356.07324000000     
          14          22   259.119751000000     
          14          23   514.280762000000     
          14          24   2163.07910000000     
          14          25   1918.98804000000     
          14          26   3274.17627000000     
          14          27   3102.54810000000     
          14          28   3791.44873000000     
          14          29  -67800.2656000000     
          14          30  -45283.3984000000     
          14          31   28021.5352000000     
          14          32   3108.35425000000     
          14          33  -17031.3711000000     
          14          34   5543.45020000000     
          14          35   3294.99731000000     
          14          36   3313.44214000000     
          14          37  -4208.35010000000     
          14          38  -798.709961000000     
          14          39  -1846.08936000000     
          14          40   254.342209000000     
          14          41   295.665710000000     
          14          42   3840.73926000000     
          15           1   4709899.50000000     
          15           2   1105244.75000000     
          15           3   944677.000000000     
          15           4   108286.836000000     
          15           5  -37934.7461000000     
          15           6  -102857.414000000     
          15           7  -94540.4766000000     
          15           8  -124771.945000000     
          15           9  -106912.883000000     
          15          10  -60078.5391000000     
          15          11  -53639.3711000000     
          15          12  -4471.20703000000     
          15          13  -4406.83984000000     
          15          14   10361.3711000000     
          15          15   64820648.0000000     
          15          16   8306078.00000000     
          15          17   1139297.25000000     
          15          18   1062778.88000000     
          15          19   763146.750000000     
          15          20  -89465.7344000000     
          15          21   298030.094000000     
          15          22   603132.875000000     
          15          23   161788.609000000     
          15          24   296049.000000000     
          15          25   135759.828000000     
          15          26   262437.469000000     
          15          27   94852.4297000000     
          15          28   51903.1367000000     
          15          29   2149598.50000000     
          15          30  -1697396.12000000     
          15          31   330095.594000000     
          15          32  -128276.719000000     
          15          33   797926.312000000     
          15          34   133338.875000000     
          15          35   178546.922000000     
          15          36   318437.781000000     
          15          37   264238.719000000     
          15          38  -61303.2070000000     
          15          39   126751.727000000     
          15          40   89937.6953000000     
          15          41   5069.88623000000     
          15          42   186823.250000000     
          16           1   2489786.00000000     
          16           2   2174131.00000000     
          16           3   667495.688000000     
          16           4   157277.922000000     
          16           5   127969.773000000     
          16           6   144632.672000000     
          16           7   23047.2090000000     
          16           8   29010.9668000000     
          16           9   57839.8906000000     
          16          10   61445.4062000000     
          16          11   20991.9121000000     
          16          12   17900.7734000000     
          16          13   51549.4258000000     
          16          14   40877.2734000000     
          16          15   8306078.00000000     
          16          16   19185694.0000000     
          16          17   2242034.75000000     
          16          18   828925.312000000     
          16          19   864351.375000000     
          16          20   219418.281000000     
          16          21   167182.984000000     
          16          22   238479.375000000     
          16          23   202293.141000000     
          16          24   214968.375000000     
          16          25   100292.781000000     
          16          26   119820.898000000     
          16          27  -19313.8242000000     
          16          28   74509.4297000000     
          16          29   387672.656000000     
          16          30   4404921.00000000     
          16          31   1265747.62000000     
          16          32  -109761.102000000     
          16          33   630032.688000000     
          16          34   207143.766000000     
          16          35   208668.516000000     
          16          36   17121.3984000000     
          16          37   83057.4844000000     
          16          38  -8563.81738000000     
          16          39   93544.9062000000     
          16          40   66486.2578000000     
          16          41   96439.9609000000     
          16          42   96456.8906000000     
          17           1   537994.188000000     
          17           2   545720.875000000     
          17           3   601602.562000000     
          17           4   56247.1641000000     
          17           5   62781.6875000000     
          17           6   66302.8203000000     
          17           7   35683.4258000000     
          17           8   28647.2344000000     
          17           9   11897.7627000000     
          17          10  -11317.4463000000     
          17          11  -10276.9473000000     
          17          12  -31302.3242000000     
          17          13   859.304565000000     
          17          14   14960.6758000000     
          17          15   1139297.25000000     
          17          16   2242034.75000000     
          17          17   6448683.50000000     
          17          18   962929.312000000     
          17          19   215011.500000000     
          17          20   95725.4688000000     
          17          21   60691.3555000000     
          17          22   27657.4199000000     
          17          23   119012.602000000     
          17          24   88660.9688000000     
          17          25  -68158.5156000000     
          17          26   80934.7109000000     
          17          27   29622.6738000000     
          17          28   55439.9648000000     
          17          29   1707124.12000000     
          17          30   668308.750000000     
          17          31   1988836.38000000     
          17          32   175374.016000000     
          17          33   290284.219000000     
          17          34   53601.0977000000     
          17          35   178985.594000000     
          17          36  -49203.5195000000     
          17          37  -42454.3984000000     
          17          38  -48320.3125000000     
          17          39  -7123.56104000000     
          17          40   18116.4746000000     
          17          41   26306.0234000000     
          17          42   37312.4023000000     
          18           1   422350.688000000     
          18           2   370835.938000000     
          18           3   128671.180000000     
          18           4   183056.531000000     
          18           5   42391.6602000000     
          18           6   21871.5410000000     
          18           7   59757.6992000000     
          18           8   4695.39795000000     
          18           9   9006.95215000000     
          18          10   11619.6992000000     
          18          11   1770.33301000000     
          18          12  -962.749146000000     
          18          13   14945.9980000000     
          18          14   7149.92139000000     
          18          15   1062778.88000000     
          18          16   828925.312000000     
          18          17   962929.312000000     
          18          18   2580194.75000000     
          18          19   596348.000000000     
          18          20   240025.094000000     
          18          21   127085.773000000     
          18          22   63783.7969000000     
          18          23   40503.7109000000     
          18          24   72924.1797000000     
          18          25   57655.7070000000     
          18          26   36948.0938000000     
          18          27   13670.1836000000     
          18          28   19637.4512000000     
          18          29   620703.438000000     
          18          30   875701.188000000     
          18          31   170973.203000000     
          18          32   546902.938000000     
          18          33   145366.812000000     
          18          34  -12703.0977000000     
          18          35   94874.7109000000     
          18          36   70787.5312000000     
          18          37   17958.7344000000     
          18          38   29073.5391000000     
          18          39   41483.7500000000     
          18          40  -32812.5195000000     
          18          41   11950.0762000000     
          18          42   28694.7188000000     
          19           1   148384.500000000     
          19           2   177806.234000000     
          19           3   58652.4688000000     
          19           4   128792.453000000     
          19           5   124375.719000000     
          19           6   32508.6367000000     
          19           7   24032.8125000000     
          19           8   17962.5391000000     
          19           9   10747.1348000000     
          19          10   17798.3496000000     
          19          11   11705.2383000000     
          19          12   7345.39062000000     
          19          13   6571.78564000000     
          19          14   5442.95312000000     
          19          15   763146.750000000     
          19          16   864351.375000000     
          19          17   215011.500000000     
          19          18   596348.000000000     
          19          19   1633726.25000000     
          19          20   398252.594000000     
          19          21   105560.023000000     
          19          22   109133.773000000     
          19          23   63274.2812000000     
          19          24   61506.7695000000     
          19          25   46779.7578000000     
          19          26   41734.0977000000     
          19          27   14350.7295000000     
          19          28   11734.8213000000     
          19          29  -32937.1914000000     
          19          30   66111.7266000000     
          19          31  -64366.2461000000     
          19          32  -112173.359000000     
          19          33   355636.500000000     
          19          34  -39121.0391000000     
          19          35  -18074.2832000000     
          19          36   23070.8770000000     
          19          37  -8300.63086000000     
          19          38   6662.69727000000     
          19          39   30719.3750000000     
          19          40  -9276.76855000000     
          19          41  -14958.5439000000     
          19          42   8299.13672000000     
          20           1   71171.3125000000     
          20           2   127929.219000000     
          20           3   87446.2578000000     
          20           4   20718.7754000000     
          20           5   24193.2168000000     
          20           6   54167.7422000000     
          20           7   26996.5430000000     
          20           8   9840.54980000000     
          20           9   9048.72852000000     
          20          10   3299.79126000000     
          20          11   5625.73242000000     
          20          12   5233.00293000000     
          20          13   2559.94946000000     
          20          14   3537.21680000000     
          20          15  -89465.7344000000     
          20          16   219418.281000000     
          20          17   95725.4688000000     
          20          18   240025.094000000     
