1 1  104138984.
 1 2  8025134.
 1 3 -770960.75
 1 4  919313.438
 1 5  385024.562
 1 6  269969.812
 1 7 -118933.984
 1 8 -93762.8438
 1 9 -80756.6094
 1 10 -13556.9834
 1 11 -33261.2734
 1 12 -20351.7676
 1 13  59918.0547
 1 14  29341.0977
 1 15  7927.4248
 1 16  222035344.
 1 17 -4447488.5
 1 18 -1330059.5
 1 19  705047.625
 1 20  664806.812
 1 21 -570619.062
 1 22 -452174.812
 1 23 -224986.234
 1 24  106342.516
 1 25 -175822.156
 1 26  59357.9609
 1 27  80537.8047
 1 28 -107720.719
 1 29  36195.5859
 1 30 -24767.3242
 1 31  315652352.
 1 32 -4611039.
 1 33 -861780.812
 1 34  1420984.25
 1 35  1065117.5
 1 36  773569.688
 1 37  619587.938
 1 38 -34994.3906
 1 39 -147253.375
 1 40  79798.5156
 1 41  214823.141
 1 42  223126.078
 1 43 -31813.0586
 1 44  136852.391
 1 45  93093.4922
 2 1  8025134.
 2 2  11179367.
 2 3  1194669.12
 2 4  242497.562
 2 5 -48835.1797
 2 6  55196.9375
 2 7  22771.2969
 2 8  15144.9111
 2 9  20834.1543
 2 10 -3584.80273
 2 11  21567.5938
 2 12  9650.26758
 2 13  5157.17432
 2 14  29678.9785
 2 15  17915.8867
 2 16  14119637.
 2 17  4204402.
 2 18  10489.6826
 2 19  56314.3008
 2 20  28617.0781
 2 21 -114985.578
 2 22 -69807.8281
 2 23  113305.906
 2 24  140658.594
 2 25  54904.0508
 2 26  31374.1406
 2 27  14299.0312
 2 28 -18645.6484
 2 29  3442.52588
 2 30  20539.916
 2 31  27848162.
 2 32  8602799.
 2 33  174174.141
 2 34  466871.094
 2 35  225063.984
 2 36 -25705.2812
 2 37  129404.445
 2 38  113506.156
 2 39  94626.0312
 2 40  29493.4219
 2 41  36652.8984
 2 42 -70975.2578
 2 43  24479.7422
 2 44  108866.023
 2 45  64196.5312
 3 1 -770960.75
 3 2  1194669.12
 3 3  2538963.25
 3 4  333722.344
 3 5  91705.6484
 3 6  34103.6562
 3 7 -11533.248
 3 8  15117.2842
 3 9  4537.37061
 3 10  6242.36719
 3 11  33499.832
 3 12  14647.4385
 3 13  575.21283
 3 14  6910.70898
 3 15  4461.64502
 3 16 -1830293.
 3 17  1286271.38
 3 18  1687022.75
 3 19 -51761.1719
 3 20 -130522.375
 3 21 -5413.64795
 3 22 -42416.0547
 3 23  15159.6533
 3 24  12935.1045
 3 25 -12052.0664
 3 26 -7400.83936
 3 27  2589.14087
 3 28 -18703.4199
 3 29  3230.05908
 3 30 -2126.17212
 3 31 -2146929.5
 3 32  2290092.25
 3 33  1049707.12
 3 34 -62832.2969
 3 35 -80853.6484
 3 36 -27671.1016
 3 37  30053.9551
 3 38  23247.0117
 3 39  13039.5557
 3 40 -1145.91528
 3 41  43257.375
 3 42  5003.10059
 3 43  14712.3311
 3 44  22996.5859
 3 45  25684.7305
 4 1  919313.438
 4 2  242497.562
 4 3  333722.344
 4 4  797140.938
 4 5  150760.094
 4 6  46554.5078
 4 7  25782.4883
 4 8  19348.7051
 4 9  1470.12109
 4 10  3341.34692
 4 11  11356.4092
 4 12  10627.2764
 4 13  5791.6875
 4 14  6163.31885
 4 15  6097.89453
 4 16  91912.0078
 4 17 -147808.359
 4 18  188623.531
 4 19  631847.562
 4 20  675.534058
 4 21 -10418.8848
 4 22  39303.7539
 4 23  22922.5
 4 24  10816.1191
 4 25  662.803467
 4 26 -15554.71
 4 27  7006.77783
 4 28  14129.9004
 4 29  17982.2207
 4 30 -3050.22534
 4 31  868268.812
 4 32  477706.469
 4 33  382657.562
 4 34  425772.719
 4 35 -265183.031
 4 36 -16192.0518
 4 37  46837.0625
 4 38  33369.1484
 4 39  37576.1094
 4 40 -13094.874
 4 41  5541.13672
 4 42 -5112.75635
 4 43  7045.38623
 4 44  4096.95068
 4 45  6298.42822
 5 1  385024.562
 5 2 -48835.1797
 5 3  91705.6484
 5 4  150760.094
 5 5  287650.875
 5 6  39833.7734
 5 7  11371.2461
 5 8  10840.416
 5 9  7717.32324
 5 10  10292.4404
 5 11  13738.0684
 5 12  5365.59082
 5 13  3825.02173
 5 14  1314.62476
 5 15  1921.70374
 5 16  948274.375
 5 17  17320.6758
 5 18  135109.297
 5 19  188661.578
 5 20  189912.141
 5 21 -12700.0547
 5 22 -16991.4473
 5 23  6167.97656
 5 24  7796.94727
 5 25  17170.4668
 5 26  273.067657
 5 27  44.4748535
 5 28  4863.93506
 5 29  7537.80225
 5 30  967.397522
 5 31  1834959.12
 5 32  244645.172
 5 33  124267.422
 5 34  42340.457
 5 35 -5493.55518
 5 36 -51577.3438
 5 37 -17702.1387
 5 38 -1642.69336
 5 39  29536.8066
 5 40 -12207.2295
 5 41  12411.2881
 5 42  6433.42969
 5 43 -3735.71997
 5 44 -6179.77637
 5 45 -1966.54956
 6 1  269969.812
 6 2  55196.9375
 6 3  34103.6562
 6 4  46554.5078
 6 5  39833.7734
 6 6  136132.234
 6 7  24974.1484
 6 8  8381.68066
 6 9  5953.8291
 6 10  7472.88135
 6 11  7449.86084
 6 12  2879.79858
 6 13  1942.95349
 6 14  1610.86841
 6 15  3260.26367
 6 16  219916.344
 6 17  187683.969
 6 18 -19390.1719
 6 19  66989.6719
 6 20  27141.5898
 6 21  103522.523
 6 22  11966.7266
 6 23  2352.54956
 6 24  7353.01367
 6 25  5952.1167
 6 26  1528.6051
 6 27  2808.11768
 6 28  999.305542
 6 29  8609.90625
 6 30  7016.08203
 6 31  710713.
 6 32  194480.312
 6 33 -46853.4844
 6 34  26826.8359
 6 35  14455.7695
 6 36  36514.6523
 6 37 -9143.80176
 6 38 -14494.6748
 6 39 -8063.62793
 6 40  3239.47485
 6 41  74.4379807
 6 42  259.641724
 6 43 -2233.85474
 6 44  4379.53906
 6 45  1908.39661
 7 1 -118933.984
 7 2  22771.2969
 7 3 -11533.248
 7 4  25782.4883
 7 5  11371.2461
 7 6  24974.1484
 7 7  79373.1953
 7 8  14220.1484
 7 9  3733.23633
 7 10  4995.54736
 7 11  3310.90112
 7 12  4053.09985
 7 13  1797.64551
 7 14  4155.25732
 7 15  2445.19067
 7 16 -410234.125
 7 17  67147.8125
 7 18  13325.7285
 7 19  77584.5078
 7 20  560.38501
 7 21  12316.957
 7 22  58055.3438
 7 23  3413.927
 7 24  5702.38086
 7 25  1579.79834
 7 26  264.325745
 7 27 -1028.16724
 7 28  2546.93115
 7 29  3029.96875
 7 30  3886.20752
 7 31 -691193.812
 7 32  264030.469
 7 33 -28330.4336
 7 34 -52730.3398
 7 35 -27207.1699
 7 36  1328.99023
 7 37  32759.9629
 7 38 -9114.12598
 7 39  7771.50146
 7 40  4045.99707
 7 41  520.653015
 7 42 -4989.92432
 7 43  2380.29102
 7 44  2289.48047
 7 45  2359.59155
 8 1 -93762.8438
 8 2  15144.9111
 8 3  15117.2842
 8 4  19348.7051
 8 5  10840.416
 8 6  8381.68066
 8 7  14220.1484
 8 8  47544.7969
 8 9  9515.24414
 8 10  4302.3335
 8 11  1636.8606
 8 12  4332.64014
 8 13  3528.06982
 8 14  2147.6394
 8 15  1428.34973
 8 16 -491160.031
 8 17  124549.539
 8 18  38893.582
 8 19  35458.0547
 8 20  10780.0791
 8 21  15412.4746
 8 22  12864.8506
 8 23  41187.1367
 8 24  7277.88281
 8 25  1419.37024
 8 26 -2176.39209
 8 27  2735.44507
 8 28  5530.3623
 8 29  2513.26562
 8 30  1706.34485
 8 31 -623526.438
 8 32  27165.3281
 8 33  8186.54492
 8 34 -29480.0488
 8 35 -18081.4922
 8 36 -5778.39746
 8 37  4862.8623
 8 38  27164.7969
 8 39  3391.07739
 8 40 -4117.44385
 8 41  823.394714
 8 42  714.308838
 8 43  2009.55347
 8 44 -991.257812
 8 45  2368.21924
 9 1 -80756.6094
 9 2  20834.1543
 9 3  4537.37061
 9 4  1470.12109
 9 5  7717.32324
 9 6  5953.8291
 9 7  3733.23633
 9 8  9515.24414
 9 9  30031.7383
 9 10  7269.05078
 9 11  4305.20703
 9 12  3008.90625
 9 13  2533.56616
 9 14  787.178711
 9 15  1489.57385
 9 16 -171569.812
 9 17  25517.3203
 9 18  26558.1172
 9 19 -1245.47363
 9 20  5574.58594
 9 21  12488.9697
 9 22  1477.71545
 9 23  1266.39172
 9 24  17805.8359
 9 25  6958.06348
 9 26  1841.44824
 9 27  4921.49121
 9 28  5281.75781
 9 29  14.7605696
 9 30  2288.58667
 9 31 -395534.25
 9 32  47930.2148
 9 33 -12762.8252
 9 34 -28529.7773
 9 35  7991.57861
 9 36 -6643.98242
 9 37 -914.997253
 9 38  1510.62659
 9 39  8531.99805
 9 40 -5515.65283
 9 41 -2031.69763
 9 42  875.937927
 9 43 -2533.93164
 9 44 -3539.22412
 9 45  1040.27979
 10 1 -13556.9834
 10 2 -3584.80273
 10 3  6242.36719
 10 4  3341.34692
 10 5  10292.4404
 10 6  7472.88135
 10 7  4995.54736
 10 8  4302.3335
 10 9  7269.05078
 10 10  20330.9199
 10 11  5009.51709
 10 12  2944.72437
 10 13  1678.28308
 10 14  683.08728
 10 15  793.441589
 10 16 -36991.0078
 10 17  35890.9492
 10 18  28431.5723
 10 19  417.634552
 10 20  6295.84229
 10 21  13852.0547
 10 22 -4316.67529
 10 23 -889.50708
 10 24  3350.78735
 10 25  12778.3613
 10 26 -835.588135
 10 27  1597.14551
 10 28  1664.31714
 10 29 -1413.34241
 10 30  995.022644
 10 31 -87158.1953
 10 32  126457.281
 10 33  26647.6758
 10 34  4918.63379
 10 35  7825.82764
 10 36  1105.89563
 10 37 -6287.99805
 10 38 -922.651123
 10 39  4764.79541
 10 40  6957.5166
 10 41 -1315.85925
 10 42  1728.15186
 10 43 -1000.69025
 10 44 -1308.89771
 10 45  1447.83008
 11 1 -33261.2734
 11 2  21567.5938
 11 3  33499.832
 11 4  11356.4092
 11 5  13738.0684
 11 6  7449.86084
 11 7  3310.90112
 11 8  1636.8606
 11 9  4305.20703
 11 10  5009.51709
 11 11  15192.4561
 11 12  3866.21362
 11 13  2332.22729
 11 14  949.333069
 11 15  883.917786
 11 16 -331751.094
 11 17  20657.3574
 11 18  52857.1758
 11 19  27249.4375
 11 20  8179.04395
 11 21  4423.2915
 11 22  2854.01855
 11 23 -1122.91541
 11 24  4973.96582
 11 25  4850.99854
 11 26  6684.08545
 11 27  2864.82812
 11 28  2199.02441
 11 29 -151.231461
 11 30  1814.65393
 11 31 -612415.812
 11 32  74402.0547
 11 33  33955.9297
 11 34  14618.5762
 11 35 -3128.6958
 11 36 -3588.82373
 11 37 -2713.69604
 11 38 -7883.06348
 11 39  2578.17432
 11 40 -331.838715
 11 41  2431.7312
 11 42 -1559.203
 11 43  243.756531
 11 44  2227.95557
 11 45  1776.31677
 12 1 -20351.7676
 12 2  9650.26758
 12 3  14647.4385
 12 4  10627.2764
 12 5  5365.59082
 12 6  2879.79858
 12 7  4053.09985
 12 8  4332.64014
 12 9  3008.90625
 12 10  2944.72437
 12 11  3866.21362
 12 12  10747.002
 12 13  2761.30176
 12 14  1624.7926
 12 15  574.950195
 12 16 -157713.453
 12 17  76639.2422
 12 18  14197.9268
 12 19  20344.4082
 12 20  10781.8057
 12 21  815.119202
 12 22  10226.6172
 12 23  2377.6958
 12 24  771.188782
 12 25  304.821747
 12 26  336.588074
 12 27  4656.60938
 12 28  699.132263
 12 29  1200.13708
 12 30  589.278076
 12 31 -241237.641
 12 32  61770.8164
 12 33  2682.76343
 12 34  19149.1758
 12 35  4063.82129
 12 36 -7570.83203
 12 37  3459.90991
 12 38 -2316.13379
 12 39 -1815.97937
 12 40 -1394.41064
 12 41  454.079315
 12 42  4273.99121
 12 43 -1675.90515
 12 44  653.076782
 12 45  1762.33655
 13 1  59918.0547
 13 2  5157.17432
 13 3  575.21283
 13 4  5791.6875
 13 5  3825.02173
 13 6  1942.95349
 13 7  1797.64551
 13 8  3528.06982
 13 9  2533.56616
 13 10  1678.28308
 13 11  2332.22729
 13 12  2761.30176
 13 13  8900.0752
 13 14  2197.22632
 13 15  737.141418
 13 16 -35592.3125
 13 17  22118.3652
 13 18 -764.856628
 13 19  3655.94092
 13 20  7552.84668
 13 21  4353.53271
 13 22  4132.70654
 13 23  2300.21533
 13 24  1108.78894
 13 25  1710.02051
 13 26  831.700317
 13 27  870.082825
 13 28  6279.13184
 13 29  757.470276
 13 30  765.073914
 13 31 -127494.031
 13 32  22770.6309
 13 33  1593.55249
 13 34  9727.98145
 13 35  2152.40405
 13 36 -6381.81592
 13 37  921.449585
 13 38  1543.30933
 13 39 -1517.71301
 13 40 -16.5233021
 13 41  195.553757
 13 42 -10.628686
 13 43  3314.14868
 13 44 -899.448608
 13 45  546.280273
 14 1  29341.0977
 14 2  29678.9785
 14 3  6910.70898
 14 4  6163.31885
 14 5  1314.62476
 14 6  1610.86841
 14 7  4155.25732
 14 8  2147.6394
 14 9  787.178711
 14 10  683.08728
 14 11  949.333069
 14 12  1624.7926
 14 13  2197.22632
 14 14  7110.42969
 14 15  1536.93347
 14 16  52972.0859
 14 17  71794.0547
 14 18  2887.07617
 14 19  2323.42383
 14 20  6906.88379
 14 21 -1593.30713
 14 22  3110.80151
 14 23  3457.66016
 14 24  603.748291
 14 25 -343.295227
 14 26 -863.506653
 14 27  256.431549
 14 28  978.486145
 14 29  1887.04956
 14 30  538.646667
 14 31 -78526.0391
 14 32  32670.6211
 14 33  12771.9844
 14 34 -4066.0603
 14 35  5982.23779
 14 36  1398.58777
 14 37  9117.29004
 14 38  3122.07861
 14 39 -73.7317429
 14 40  1171.20715
 14 41  1802.75891
 14 42 -1465.82141
 14 43 -1648.62976
 14 44  385.480072
 14 45  1468.099
 15 1  7927.4248
 15 2  17915.8867
 15 3  4461.64502
 15 4  6097.89453
 15 5  1921.70374
 15 6  3260.26367
 15 7  2445.19067
 15 8  1428.34973
 15 9  1489.57385
 15 10  793.441589
 15 11  883.917786
 15 12  574.950195
 15 13  737.141418
 15 14  1536.93347
 15 15  4890.07568
 15 16 -7518.87744
 15 17  19068.0371
 15 18  1892.76514
 15 19  8053.98682
 15 20  1677.74512
 15 21 -2328.69189
 15 22  347.088104
 15 23 -421.177246
 15 24  721.512024
 15 25  9.64969826
 15 26 -66.2667465
 15 27  1127.25012
 15 28  86.8099747
 15 29  511.389038
 15 30  2698.36768
 15 31  70172.2031
 15 32  52471.2539
 15 33 -3431.78931
 15 34 -7756.36377
 15 35  4794.45215
 15 36 -2399.51367
 15 37  3401.31348
 15 38  1705.34412
 15 39  3394.51099
 15 40  691.090332
 15 41  8.12816906
 15 42  1138.39331
 15 43 -2002.63757
 15 44 -1727.31018
 15 45  1555.98157
 16 1  222035344.
 16 2  14119637.
 16 3 -1830293.
 16 4  91912.0078
 16 5  948274.375
 16 6  219916.344
 16 7 -410234.125
 16 8 -491160.031
 16 9 -171569.812
 16 10 -36991.0078
 16 11 -331751.094
 16 12 -157713.453
 16 13 -35592.3125
 16 14  52972.0859
 16 15 -7518.87744
 16 16  1.05524006E+09
 16 17  13077122.
 16 18 -2080581.88
 16 19  4795827.5
 16 20  2626381.25
 16 21 -1328298.62
 16 22 -1341195.38
 16 23 -461727.562
 16 24  108554.328
 16 25 -429931.406
 16 26 -4975.36377
 16 27  379091.531
 16 28 -292512.969
 16 29  122134.836
 16 30 -176522.984
 16 31  1.31870272E+09
 16 32 -54533464.
 16 33 -4061941.5
 16 34  3784611.5
 16 35  3804678.75
 16 36  1441064.
 16 37  2926764.75
 16 38  623837.188
 16 39 -262227.25
 16 40  213593.641
 16 41  656219.812
 16 42  963413.188
 16 43 -319241.094
 16 44  318375.5
 16 45  352911.125
 17 1 -4447488.5
 17 2  4204402.
 17 3  1286271.38
 17 4 -147808.359
 17 5  17320.6758
 17 6  187683.969
 17 7  67147.8125
 17 8  124549.539
 17 9  25517.3203
 17 10  35890.9492
 17 11  20657.3574
 17 12  76639.2422
 17 13  22118.3652
 17 14  71794.0547
 17 15  19068.0371
 17 16  13077122.
 17 17  63319880.
 17 18  4101368.5
 17 19  1792474.12
 17 20  116618.477
 17 21  565324.75
 17 22  461718.406
 17 23  336485.844
 17 24  402742.438
 17 25  332072.438
 17 26  23404.5664
 17 27  288068.312
 17 28  53351.0469
 17 29  81852.625
 17 30  43173.5547
 17 31  19433518.
 17 32  17892096.
 17 33 -7098267.5
 17 34  1121917.88
 17 35  437498.25
 17 36  386262.344
 17 37  579104.5
 17 38  118295.594
 17 39  55239.6328
 17 40  163834.297
 17 41  39093.332
 17 42  113421.266
 17 43  55187.8945
 17 44  76898.2656
 17 45  100539.953
 18 1 -1330059.5
 18 2  10489.6826
 18 3  1687022.75
 18 4  188623.531
 18 5  135109.297
 18 6 -19390.1719
 18 7  13325.7285
 18 8  38893.582
 18 9  26558.1172
 18 10  28431.5723
 18 11  52857.1758
 18 12  14197.9268
 18 13 -764.856628
 18 14  2887.07617
 18 15  1892.76514
 18 16 -2080581.88
 18 17  4101368.5
 18 18  14787311.
 18 19  1943209.88
 18 20  57874.4766
 18 21  99958.8281
 18 22  264676.812
 18 23  80095.0234
 18 24  108585.984
 18 25  10196.0762
 18 26  64089.6992
 18 27  85645.4844
 18 28  8309.34668
 18 29 -1030.35327
 18 30  12406.585
 18 31  2906585.75
 18 32  604432.125
 18 33  3212974.75
 18 34 -787352.812
 18 35 -572579.125
 18 36 -100250.125
 18 37 -161237.188
 18 38 -90689.0859
 18 39  41387.8984
 18 40 -37737.8633
 18 41  17289.3008
 18 42  25011.8828
 18 43  106366.906
 18 44  51248.7031
 18 45  49512.0117
 19 1  705047.625
 19 2  56314.3008
 19 3 -51761.1719
 19 4  631847.562
 19 5  188661.578
 19 6  66989.6719
 19 7  77584.5078
 19 8  35458.0547
 19 9 -1245.47363
 19 10  417.634552
 19 11  27249.4375
 19 12  20344.4082
 19 13  3655.94092
 19 14  2323.42383
 19 15  8053.98682
 19 16  4795827.5
 19 17  1792474.12
 19 18  1943209.88
 19 19  4934912.
 19 20  653037.25
 19 21  255027.797
 19 22  249464.219
 19 23  79720.3359
 19 24  71929.3516
 19 25  5478.5376
 19 26  56704.6094
 19 27  49860.9688
 19 28  40558.8828
 19 29  46266.2109
 19 30 -7339.0957
 19 31  7815549.5
 19 32  1585196.25
 19 33  698780.812
 19 34  1312889.25
 19 35 -316693.
 19 36  14270.5146
 19 37  69362.4062
 19 38  35093.0625
 19 39  93818.5234
 19 40 -24814.6543
 19 41  37776.293
 19 42  1539.96582
 19 43  26981.9062
 19 44  34005.5234
 19 45  41925.2383
 20 1  664806.812
 20 2  28617.0781
 20 3 -130522.375
 20 4  675.534058
 20 5  189912.141
 20 6  27141.5898
 20 7  560.38501
 20 8  10780.0791
 20 9  5574.58594
 20 10  6295.84229
 20 11  8179.04395
 20 12  10781.8057
 20 13  7552.84668
 20 14  6906.88379
 20 15  1677.74512
 20 16  2626381.25
 20 17  116618.477
 20 18  57874.4766
 20 19  653037.25
 20 20  1814992.75
 20 21  187700.453
 20 22  62915.0391
 20 23  70471.1016
 20 24  33378.207
 20 25  29362.0098
 20 26  21373.8574
 20 27  18952.5137
 20 28  18855.6855
 20 29  24748.6133
 20 30 -1056.83508
 20 31  5456528.
 20 32  145307.375
 20 33 -67002.9375
 20 34  17206.3496
 20 35  610472.938
 20 36 -46815.3594
 20 37 -38034.2578
 20 38 -10197.4707
 20 39  34288.4531
 20 40 -15754.8506
 20 41  35155.668
 20 42  25998.209
 20 43  24426.4219
 20 44  1735.87512
 20 45  4949.10938
 21 1 -570619.062
 21 2 -114985.578
 21 3 -5413.64795
 21 4 -10418.8848
 21 5 -12700.0547
 21 6  103522.523
 21 7  12316.957
 21 8  15412.4746
 21 9  12488.9697
 21 10  13852.0547
 21 11  4423.2915
 21 12  815.119202
 21 13  4353.53271
 21 14 -1593.30713
 21 15 -2328.69189
 21 16 -1328298.62
 21 17  565324.75
 21 18  99958.8281
 21 19  255027.797
 21 20  187700.453
 21 21  858937.062
 21 22  107826.414
 21 23  45445.0664
 21 24  34275.9609
 21 25  33480.6523
 21 26  11630.3809
 21 27  23485.0254
 21 28  19456.9336
 21 29  10333.5996
 21 30  2791.32104
 21 31 -1001691.94
 21 32 -192735.781
 21 33 -460397.062
 21 34  73898.0547
 21 35  96984.9609
 21 36  303015.844
 21 37 -36305.1719
 21 38  15385.1182
 21 39  12371.2598
 21 40  13780.9004
 21 41 -3015.02783
 21 42  535.14447
 21 43 -9284.56348
 21 44  2574.86523
 21 45 -2823.93311
 22 1 -452174.812
 22 2 -69807.8281
 22 3 -42416.0547
 22 4  39303.7539
 22 5 -16991.4473
 22 6  11966.7266
 22 7  58055.3438
 22 8  12864.8506
 22 9  1477.71545
 22 10 -4316.67529
 22 11  2854.01855
 22 12  10226.6172
 22 13  4132.70654
 22 14  3110.80151
 22 15  347.088104
 22 16 -1341195.38
 22 17  461718.406
 22 18  264676.812
 22 19  249464.219
 22 20  62915.0391
 22 21  107826.414
 22 22  496858.5
 22 23  82626.9453
 22 24  34456.0977
 22 25  6685.26416
 22 26  5045.20801
 22 27  12583.9375
 22 28  5086.96826
 22 29  8676.86816
 22 30  1576.87671
 22 31 -340454.781
 22 32  426026.719
 22 33 -3191.84448
 22 34  14226.5752
 22 35  31582.3633
 22 36  26288.875
 22 37  172348.281
 22 38  7968.2041
 22 39  8905.0625
 22 40  13757.8584
 22 41  12304.7598
 22 42  1862.37622
 22 43  648.447937
 22 44  19594.3574
 22 45  6785.04102
 23 1 -224986.234
 23 2  113305.906
 23 3  15159.6533
 23 4  22922.5
 23 5  6167.97656
 23 6  2352.54956
 23 7  3413.927
 23 8  41187.1367
 23 9  1266.39172
 23 10 -889.50708
 23 11 -1122.91541
 23 12  2377.6958
 23 13  2300.21533
 23 14  3457.66016
 23 15 -421.177246
 23 16 -461727.562
 23 17  336485.844
 23 18  80095.0234
 23 19  79720.3359
 23 20  70471.1016
 23 21  45445.0664
 23 22  82626.9453
 23 23  283624.406
 23 24  32269.3418
 23 25  15345.1064
 23 26  4547.68066
 23 27  8537.29199
 23 28  10995.7393
 23 29  9848.26855
 23 30 -2921.84399
 23 31 -659666.188
 23 32  243937.547
 23 33  43379.3516
 23 34  69869.2188
 23 35  19178.3457
 23 36  12204.6934
 23 37  37436.9414
 23 38  110189.273
 23 39 -10389.6738
 23 40 -7412.89893
 23 41  11662.6289
 23 42  5468.39893
 23 43 -2997.18066
 23 44  12043.873
 23 45  9443.43555
 24 1  106342.516
 24 2  140658.594
 24 3  12935.1045
 24 4  10816.1191
 24 5  7796.94727
 24 6  7353.01367
 24 7  5702.38086
 24 8  7277.88281
 24 9  17805.8359
 24 10  3350.78735
 24 11  4973.96582
 24 12  771.188782
 24 13  1108.78894
 24 14  603.748291
 24 15  721.512024
 24 16  108554.328
 24 17  402742.438
 24 18  108585.984
 24 19  71929.3516
 24 20  33378.207
 24 21  34275.9609
 24 22  34456.0977
 24 23  32269.3418
 24 24  168150.172
 24 25  26740.5469
 24 26  10494.6553
 24 27  11558.998
 24 28  4776.22217
 24 29  7839.56348
 24 30  5963.62061
 24 31  1055005.12
 24 32  104273.188
 24 33 -113024.398
 24 34  16691.8105
 24 35  17925.4512
 24 36  9888.40723
 24 37  9547.9043
 24 38  7586.68848
 24 39  45311.5156
 24 40  410.91803
 24 41 -1375.04358
 24 42 -7249.6665
 24 43 -2705.09521
 24 44  5879.979
 24 45  2546.06226
 25 1 -175822.156
 25 2  54904.0508
 25 3 -12052.0664
 25 4  662.803467
 25 5  17170.4668
 25 6  5952.1167
 25 7  1579.79834
 25 8  1419.37024
 25 9  6958.06348
 25 10  12778.3613
 25 11  4850.99854
 25 12  304.821747
 25 13  1710.02051
 25 14 -343.295227
 25 15  9.64969826
 25 16 -429931.406
 25 17  332072.438
 25 18  10196.0762
 25 19  5478.5376
 25 20  29362.0098
 25 21  33480.6523
 25 22  6685.26416
 25 23  15345.1064
 25 24  26740.5469
 25 25  131387.578
 25 26  21192.3691
 25 27  15630.1406
 25 28  11073.7607
 25 29  3910.12158
 25 30  3061.29565
 25 31 -49913.1094
 25 32  96782.875
 25 33  8054.57031
 25 34  41763.9727
 25 35  19298.0547
 25 36 -13530.1768
 25 37  2144.41235
 25 38  13861.9229
 25 39  10663.498
 25 40  31677.0469
 25 41 -6425.23193
 25 42 -5461.84424
 25 43 -5322.82129
 25 44  2229.27417
 25 45 -2241.60645
 26 1  59357.9609
 26 2  31374.1406
 26 3 -7400.83936
 26 4 -15554.71
 26 5  273.067657
 26 6  1528.6051
 26 7  264.325745
 26 8 -2176.39209
 26 9  1841.44824
 26 10 -835.588135
 26 11  6684.08545
 26 12  336.588074
 26 13  831.700317
 26 14 -863.506653
 26 15 -66.2667465
 26 16 -4975.36377
 26 17  23404.5664
 26 18  64089.6992
 26 19  56704.6094
 26 20  21373.8574
 26 21  11630.3809
 26 22  5045.20801
 26 23  4547.68066
 26 24  10494.6553
 26 25  21192.3691
 26 26  84575.9375
 26 27  11679.457
 26 28  8614.49219
 26 29  3901.97754
 26 30  2582.30713
 26 31  119624.094
 26 32  160546.609
 26 33 -2949.35376
 26 34  48505.6094
 26 35 -8956.67969
 26 36 -1571.13
 26 37 -11072.1797
 26 38  2540.24561
 26 39  5156.20654
 26 40  2981.97827
 26 41  16571.5703
 26 42 -4937.3291
 26 43  1004.29932
 26 44  3464.33911
 26 45  3866.55981
 27 1  80537.8047
 27 2  14299.0312
 27 3  2589.14087
 27 4  7006.77783
 27 5  44.4748535
 27 6  2808.11768
 27 7 -1028.16724
 27 8  2735.44507
 27 9  4921.49121
 27 10  1597.14551
 27 11  2864.82812
 27 12  4656.60938
 27 13  870.082825
 27 14  256.431549
 27 15  1127.25012
 27 16  379091.531
 27 17  288068.312
 27 18  85645.4844
 27 19  49860.9688
 27 20  18952.5137
 27 21  23485.0254
 27 22  12583.9375
 27 23  8537.29199
 27 24  11558.998
 27 25  15630.1406
 27 26  11679.457
 27 27  63764.
 27 28  11937.8672
 27 29  3171.94165
 27 30  4725.33008
 27 31  1151430.5
 27 32  133014.078
 27 33 -38524.2148
 27 34  15586.7725
 27 35  33140.3516
 27 36  5104.97021
 27 37  11331.5293
 27 38 -3868.82007
 27 39 -991.355652
 27 40 -2314.57178
 27 41  2760.25537
 27 42  17896.9316
 27 43 -3693.9895
 27 44  3689.22485
 27 45  1951.01892
 28 1 -107720.719
 28 2 -18645.6484
 28 3 -18703.4199
 28 4  14129.9004
 28 5  4863.93506
 28 6  999.305542
 28 7  2546.93115
 28 8  5530.3623
 28 9  5281.75781
 28 10  1664.31714
 28 11  2199.02441
 28 12  699.132263
 28 13  6279.13184
 28 14  978.486145
 28 15  86.8099747
 28 16 -292512.969
 28 17  53351.0469
 28 18  8309.34668
 28 19  40558.8828
 28 20  18855.6855
 28 21  19456.9336
 28 22  5086.96826
 28 23  10995.7393
 28 24  4776.22217
 28 25  11073.7607
 28 26  8614.49219
 28 27  11937.8672
 28 28  54034.332
 28 29  6439.08838
 28 30  1237.01477
 28 31 -472231.375
 28 32 -493.710663
 28 33  41505.5352
 28 34 -4173.73389
 28 35 -21097.293
 28 36 -16300.5459
 28 37 -3731.56689
 28 38  1295.47144
 28 39  2779.05176
 28 40 -1297.94397
 28 41  4211.88672
 28 42 -713.30835
 28 43  11396.834
 28 44  107.862595
 28 45 -1380.71851
 29 1  36195.5859
 29 2  3442.52588
 29 3  3230.05908
 29 4  17982.2207
 29 5  7537.80225
 29 6  8609.90625
 29 7  3029.96875
 29 8  2513.26562
 29 9  14.7605696
 29 10 -1413.34241
 29 11 -151.231461
 29 12  1200.13708
 29 13  757.470276
 29 14  1887.04956
 29 15  511.389038
 29 16  122134.836
 29 17  81852.625
 29 18 -1030.35327
 29 19  46266.2109
 29 20  24748.6133
 29 21  10333.5996
 29 22  8676.86816
 29 23  9848.26855
 29 24  7839.56348
 29 25  3910.12158
 29 26  3901.97754
 29 27  3171.94165
 29 28  6439.08838
 29 29  35835.5273
 29 30  5669.8623
 29 31  267862.438
 29 32  25372.2871
 29 33  5369.67236
 29 34  11633.0039
 29 35  5134.30859
 29 36  3149.53711
 29 37  11.1058159
 29 38  3017.17505
 29 39  4751.32959
 29 40  4085.3501
 29 41  987.869202
 29 42 -1390.54858
 29 43  1712.67847
 29 44  8752.19824
 29 45  3920.04272
 30 1 -24767.3242
 30 2  20539.916
 30 3 -2126.17212
 30 4 -3050.22534
 30 5  967.397522
 30 6  7016.08203
 30 7  3886.20752
 30 8  1706.34485
 30 9  2288.58667
 30 10  995.022644
 30 11  1814.65393
 30 12  589.278076
 30 13  765.073914
 30 14  538.646667
 30 15  2698.36768
 30 16 -176522.984
 30 17  43173.5547
 30 18  12406.585
 30 19 -7339.0957
 30 20 -1056.83508
 30 21  2791.32104
 30 22  1576.87671
 30 23 -2921.84399
 30 24  5963.62061
 30 25  3061.29565
 30 26  2582.30713
 30 27  4725.33008
 30 28  1237.01477
 30 29  5669.8623
 30 30  29203.3691
 30 31 -260092.375
 30 32  121730.938
 30 33 -27301.7266
 30 34 -8296.58887
 30 35 -19303.125
 30 36  3063.20801
 30 37  3010.49927
 30 38 -3723.15503
 30 39  568.781128
 30 40  5126.06445
 30 41  6394.05078
 30 42  3314.03394
 30 43 -2645.53711
 30 44 -677.231384
 30 45  8691.49023
 31 1  315652352.
 31 2  27848162.
 31 3 -2146929.5
 31 4  868268.812
 31 5  1834959.12
 31 6  710713.
 31 7 -691193.812
 31 8 -623526.438
 31 9 -395534.25
 31 10 -87158.1953
 31 11 -612415.812
 31 12 -241237.641
 31 13 -127494.031
 31 14 -78526.0391
 31 15  70172.2031
 31 16  1.31870272E+09
 31 17  19433518.
 31 18  2906585.75
 31 19  7815549.5
 31 20  5456528.
 31 21 -1001691.94
 31 22 -340454.781
 31 23 -659666.188
 31 24  1055005.12
 31 25 -49913.1094
 31 26  119624.094
 31 27  1151430.5
 31 28 -472231.375
 31 29  267862.438
 31 30 -260092.375
 31 31  2.39642803E+09
 31 32 -26954928.
 31 33 -9024902.
 31 34  5866127.
 31 35  6147724.5
 31 36  2247967.5
 31 37  2942422.75
 31 38  726822.438
 31 39 -99426.2578
 31 40  397821.125
 31 41  1354640.88
 31 42  1939236.25
 31 43  108856.758
 31 44  339027.219
 31 45  448612.438
 32 1 -4611039.
 32 2  8602799.
 32 3  2290092.25
 32 4  477706.469
 32 5  244645.172
 32 6  194480.312
 32 7  264030.469
 32 8  27165.3281
 32 9  47930.2148
 32 10  126457.281
 32 11  74402.0547
 32 12  61770.8164
 32 13  22770.6309
 32 14  32670.6211
 32 15  52471.2539
 32 16 -54533464.
 32 17  17892096.
 32 18  604432.125
 32 19  1585196.25
 32 20  145307.375
 32 21 -192735.781
 32 22  426026.719
 32 23  243937.547
 32 24  104273.188
 32 25  96782.875
 32 26  160546.609
 32 27  133014.078
 32 28 -493.710663
 32 29  25372.2871
 32 30  121730.938
 32 31 -26954928.
 32 32  115490088.
 32 33  3786922.75
 32 34 -521362.25
 32 35 -721332.938
 32 36 -550147.188
 32 37 -278478.781
 32 38  77872.3906
 32 39  291976.969
 32 40  116400.367
 32 41  166549.531
 32 42  68694.7188
 32 43 -84931.2031
 32 44 -19574.6387
 32 45  247444.234
 33 1 -861780.812
 33 2  174174.141
 33 3  1049707.12
 33 4  382657.562
 33 5  124267.422
 33 6 -46853.4844
 33 7 -28330.4336
 33 8  8186.54492
 33 9 -12762.8252
 33 10  26647.6758
 33 11  33955.9297
 33 12  2682.76343
 33 13  1593.55249
 33 14  12771.9844
 33 15 -3431.78931
 33 16 -4061941.5
 33 17 -7098267.5
 33 18  3212974.75
 33 19  698780.812
 33 20 -67002.9375
 33 21 -460397.062
 33 22 -3191.84448
 33 23  43379.3516
 33 24 -113024.398
 33 25  8054.57031
 33 26 -2949.35376
 33 27 -38524.2148
 33 28  41505.5352
 33 29  5369.67236
 33 30 -27301.7266
 33 31 -9024902.
 33 32  3786922.75
 33 33  21084512.
 33 34  522559.656
 33 35 -57135.2969
 33 36 -345620.031
 33 37  260643.531
 33 38  81380.9688
 33 39  59799.4141
 33 40 -40644.1445
 33 41  153461.297
 33 42 -41240.3594
 33 43  50945.0273
 33 44  82505.2656
 33 45  57184.5508
 34 1  1420984.25
 34 2  466871.094
 34 3 -62832.2969
 34 4  425772.719
 34 5  42340.457
 34 6  26826.8359
 34 7 -52730.3398
 34 8 -29480.0488
 34 9 -28529.7773
 34 10  4918.63379
 34 11  14618.5762
 34 12  19149.1758
 34 13  9727.98145
 34 14 -4066.0603
 34 15 -7756.36377
 34 16  3784611.5
 34 17  1121917.88
 34 18 -787352.812
 34 19  1312889.25
 34 20  17206.3496
 34 21  73898.0547
 34 22  14226.5752
 34 23  69869.2188
 34 24  16691.8105
 34 25  41763.9727
 34 26  48505.6094
 34 27  15586.7725
 34 28 -4173.73389
 34 29  11633.0039
 34 30 -8296.58887
 34 31  5866127.
 34 32 -521362.25
 34 33  522559.656
 34 34  7791828.5
 34 35  596053.75
 34 36  134120.656
 34 37  169708.656
 34 38  98979.7656
 34 39  113659.
 34 40  28904.5723
 34 41  64224.6406
 34 42 -11330.5381
 34 43 -63320.875
 34 44  53319.9805
 34 45  56616.8047
 35 1  1065117.5
 35 2  225063.984
 35 3 -80853.6484
 35 4 -265183.031
 35 5 -5493.55518
 35 6  14455.7695
 35 7 -27207.1699
 35 8 -18081.4922
 35 9  7991.57861
 35 10  7825.82764
 35 11 -3128.6958
 35 12  4063.82129
 35 13  2152.40405
 35 14  5982.23779
 35 15  4794.45215
 35 16  3804678.75
 35 17  437498.25
 35 18 -572579.125
 35 19 -316693.
 35 20  610472.938
 35 21  96984.9609
 35 22  31582.3633
 35 23  19178.3457
 35 24  17925.4512
 35 25  19298.0547
 35 26 -8956.67969
 35 27  33140.3516
 35 28 -21097.293
 35 29  5134.30859
 35 30 -19303.125
 35 31  6147724.5
 35 32 -721332.938
 35 33 -57135.2969
 35 34  596053.75
 35 35  3066261.
 35 36  249911.375
 35 37 -7950.43262
 35 38 -60257.6875
 35 39 -503.701141
 35 40  10094.1445
 35 41  52859.7383
 35 42  42059.6289
 35 43 -23158.0898
 35 44  55870.9922
 35 45  25242.0723
 36 1  773569.688
 36 2 -25705.2812
 36 3 -27671.1016
 36 4 -16192.0518
 36 5 -51577.3438
 36 6  36514.6523
 36 7  1328.99023
 36 8 -5778.39746
 36 9 -6643.98242
 36 10  1105.89563
 36 11 -3588.82373
 36 12 -7570.83203
 36 13 -6381.81592
 36 14  1398.58777
 36 15 -2399.51367
 36 16  1441064.
 36 17  386262.344
 36 18 -100250.125
 36 19  14270.5146
 36 20 -46815.3594
 36 21  303015.844
 36 22  26288.875
 36 23  12204.6934
 36 24  9888.40723
 36 25 -13530.1768
 36 26 -1571.13
 36 27  5104.97021
 36 28 -16300.5459
 36 29  3149.53711
 36 30  3063.20801
 36 31  2247967.5
 36 32 -550147.188
 36 33 -345620.031
 36 34  134120.656
 36 35  249911.375
 36 36  1395376.88
 36 37  204181.688
 36 38  41918.5156
 36 39  9832.89355
 36 40  53110.1445
 36 41  47848.293
 36 42  16727.2383
 36 43 -16298.0859
 36 44 -9877.72461
 36 45 -3359.25659
 37 1  619587.938
 37 2  129404.445
 37 3  30053.9551
 37 4  46837.0625
 37 5 -17702.1387
 37 6 -9143.80176
 37 7  32759.9629
 37 8  4862.8623
 37 9 -914.997253
 37 10 -6287.99805
 37 11 -2713.69604
 37 12  3459.90991
 37 13  921.449585
 37 14  9117.29004
 37 15  3401.31348
 37 16  2926764.75
 37 17  579104.5
 37 18 -161237.188
 37 19  69362.4062
 37 20 -38034.2578
 37 21 -36305.1719
 37 22  172348.281
 37 23  37436.9414
 37 24  9547.9043
 37 25  2144.41235
 37 26 -11072.1797
 37 27  11331.5293
 37 28 -3731.56689
 37 29  11.1058159
 37 30  3010.49927
 37 31  2942422.75
 37 32 -278478.781
 37 33  260643.531
 37 34  169708.656
 37 35 -7950.43262
 37 36  204181.688
 37 37  826878.625
 37 38  147393.469
 37 39  22843.1758
 37 40  18740.7773
 37 41  41973.3984
 37 42  8851.65723
 37 43 -14109.8389
 37 44  26028.1484
 37 45  21023.8145
 38 1 -34994.3906
 38 2  113506.156
 38 3  23247.0117
 38 4  33369.1484
 38 5 -1642.69336
 38 6 -14494.6748
 38 7 -9114.12598
 38 8  27164.7969
 38 9  1510.62659
 38 10 -922.651123
 38 11 -7883.06348
 38 12 -2316.13379
 38 13  1543.30933
 38 14  3122.07861
 38 15  1705.34412
 38 16  623837.188
 38 17  118295.594
 38 18 -90689.0859
 38 19  35093.0625
 38 20 -10197.4707
 38 21  15385.1182
 38 22  7968.2041
 38 23  110189.273
 38 24  7586.68848
 38 25  13861.9229
 38 26  2540.24561
 38 27 -3868.82007
 38 28  1295.47144
 38 29  3017.17505
 38 30 -3723.15503
 38 31  726822.438
 38 32  77872.3906
 38 33  81380.9688
 38 34  98979.7656
 38 35 -60257.6875
 38 36  41918.5156
 38 37  147393.469
 38 38  462694.5
 38 39  57719.3594
 38 40  6492.75439
 38 41 -7391.01318
 38 42  6053.5083
 38 43  1460.40784
 38 44  9964.33496
 38 45  4173.71338
 39 1 -147253.375
 39 2  94626.0312
 39 3  13039.5557
 39 4  37576.1094
 39 5  29536.8066
 39 6 -8063.62793
 39 7  7771.50146
 39 8  3391.07739
 39 9  8531.99805
 39 10  4764.79541
 39 11  2578.17432
 39 12 -1815.97937
 39 13 -1517.71301
 39 14 -73.7317429
 39 15  3394.51099
 39 16 -262227.25
 39 17  55239.6328
 39 18  41387.8984
 39 19  93818.5234
 39 20  34288.4531
 39 21  12371.2598
 39 22  8905.0625
 39 23 -10389.6738
 39 24  45311.5156
 39 25  10663.498
 39 26  5156.20654
 39 27 -991.355652
 39 28  2779.05176
 39 29  4751.32959
 39 30  568.781128
 39 31 -99426.2578
 39 32  291976.969
 39 33  59799.4141
 39 34  113659.
 39 35 -503.701141
 39 36  9832.89355
 39 37  22843.1758
 39 38  57719.3594
 39 39  269015.188
 39 40  42878.375
 39 41  12975.1582
 39 42  15900.7842
 39 43  6077.27539
 39 44  1419.27649
 39 45  4467.84424
 40 1  79798.5156
 40 2  29493.4219
 40 3 -1145.91528
 40 4 -13094.874
 40 5 -12207.2295
 40 6  3239.47485
 40 7  4045.99707
 40 8 -4117.44385
 40 9 -5515.65283
 40 10  6957.5166
 40 11 -331.838715
 40 12 -1394.41064
 40 13 -16.5233021
 40 14  1171.20715
 40 15  691.090332
 40 16  213593.641
 40 17  163834.297
 40 18 -37737.8633
 40 19 -24814.6543
 40 20 -15754.8506
 40 21  13780.9004
 40 22  13757.8584
 40 23 -7412.89893
 40 24  410.91803
 40 25  31677.0469
 40 26  2981.97827
 40 27 -2314.57178
 40 28 -1297.94397
 40 29  4085.3501
 40 30  5126.06445
 40 31  397821.125
 40 32  116400.367
 40 33 -40644.1445
 40 34  28904.5723
 40 35  10094.1445
 40 36  53110.1445
 40 37  18740.7773
 40 38  6492.75439
 40 39  42878.375
 40 40  174507.891
 40 41  30114.293
 40 42  15657.8418
 40 43  10053.6533
 40 44  6170.46387
 40 45  5673.03369
 41 1  214823.141
 41 2  36652.8984
 41 3  43257.375
 41 4  5541.13672
 41 5  12411.2881
 41 6  74.4379807
 41 7  520.653015
 41 8  823.394714
 41 9 -2031.69763
 41 10 -1315.85925
 41 11  2431.7312
 41 12  454.079315
 41 13  195.553757
 41 14  1802.75891
 41 15  8.12816906
 41 16  656219.812
 41 17  39093.332
 41 18  17289.3008
 41 19  37776.293
 41 20  35155.668
 41 21 -3015.02783
 41 22  12304.7598
 41 23  11662.6289
 41 24 -1375.04358
 41 25 -6425.23193
 41 26  16571.5703
 41 27  2760.25537
 41 28  4211.88672
 41 29  987.869202
 41 30  6394.05078
 41 31  1354640.88
 41 32  166549.531
 41 33  153461.297
 41 34  64224.6406
 41 35  52859.7383
 41 36  47848.293
 41 37  41973.3984
 41 38 -7391.01318
 41 39  12975.1582
 41 40  30114.293
 41 41  150328.484
 41 42  22903.2871
 41 43  7211.5708
 41 44  3756.13745
 41 45  7931.86963
 42 1  223126.078
 42 2 -70975.2578
 42 3  5003.10059
 42 4 -5112.75635
 42 5  6433.42969
 42 6  259.641724
 42 7 -4989.92432
 42 8  714.308838
 42 9  875.937927
 42 10  1728.15186
 42 11 -1559.203
 42 12  4273.99121
 42 13 -10.628686
 42 14 -1465.82141
 42 15  1138.39331
 42 16  963413.188
 42 17  113421.266
 42 18  25011.8828
 42 19  1539.96582
 42 20  25998.209
 42 21  535.14447
 42 22  1862.37622
 42 23  5468.39893
 42 24 -7249.6665
 42 25 -5461.84424
 42 26 -4937.3291
 42 27  17896.9316
 42 28 -713.30835
 42 29 -1390.54858
 42 30  3314.03394
 42 31  1939236.25
 42 32  68694.7188
 42 33 -41240.3594
 42 34 -11330.5381
 42 35  42059.6289
 42 36  16727.2383
 42 37  8851.65723
 42 38  6053.5083
 42 39  15900.7842
 42 40  15657.8418
 42 41  22903.2871
 42 42  114202.523
 42 43  18818.1387
 42 44  6744.76807
 42 45  7572.3623
 43 1 -31813.0586
 43 2  24479.7422
 43 3  14712.3311
 43 4  7045.38623
 43 5 -3735.71997
 43 6 -2233.85474
 43 7  2380.29102
 43 8  2009.55347
 43 9 -2533.93164
 43 10 -1000.69025
 43 11  243.756531
 43 12 -1675.90515
 43 13  3314.14868
 43 14 -1648.62976
 43 15 -2002.63757
 43 16 -319241.094
 43 17  55187.8945
 43 18  106366.906
 43 19  26981.9062
 43 20  24426.4219
 43 21 -9284.56348
 43 22  648.447937
 43 23 -2997.18066
 43 24 -2705.09521
 43 25 -5322.82129
 43 26  1004.29932
 43 27 -3693.9895
 43 28  11396.834
 43 29  1712.67847
 43 30 -2645.53711
 43 31  108856.758
 43 32 -84931.2031
 43 33  50945.0273
 43 34 -63320.875
 43 35 -23158.0898
 43 36 -16298.0859
 43 37 -14109.8389
 43 38  1460.40784
 43 39  6077.27539
 43 40  10053.6533
 43 41  7211.5708
 43 42  18818.1387
 43 43  77451.5234
 43 44  13451.5273
 43 45 -409.06311
 44 1  136852.391
 44 2  108866.023
 44 3  22996.5859
 44 4  4096.95068
 44 5 -6179.77637
 44 6  4379.53906
 44 7  2289.48047
 44 8 -991.257812
 44 9 -3539.22412
 44 10 -1308.89771
 44 11  2227.95557
 44 12  653.076782
 44 13 -899.448608
 44 14  385.480072
 44 15 -1727.31018
 44 16  318375.5
 44 17  76898.2656
 44 18  51248.7031
 44 19  34005.5234
 44 20  1735.87512
 44 21  2574.86523
 44 22  19594.3574
 44 23  12043.873
 44 24  5879.979
 44 25  2229.27417
 44 26  3464.33911
 44 27  3689.22485
 44 28  107.862595
 44 29  8752.19824
 44 30 -677.231384
 44 31  339027.219
 44 32 -19574.6387
 44 33  82505.2656
 44 34  53319.9805
 44 35  55870.9922
 44 36 -9877.72461
 44 37  26028.1484
 44 38  9964.33496
 44 39  1419.27649
 44 40  6170.46387
 44 41  3756.13745
 44 42  6744.76807
 44 43  13451.5273
 44 44  68569.3203
 44 45  10015.8428
 45 1  93093.4922
 45 2  64196.5312
 45 3  25684.7305
 45 4  6298.42822
 45 5 -1966.54956
 45 6  1908.39661
 45 7  2359.59155
 45 8  2368.21924
 45 9  1040.27979
 45 10  1447.83008
 45 11  1776.31677
 45 12  1762.33655
 45 13  546.280273
 45 14  1468.099
 45 15  1555.98157
 45 16  352911.125
 45 17  100539.953
 45 18  49512.0117
 45 19  41925.2383
 45 20  4949.10938
 45 21 -2823.93311
 45 22  6785.04102
 45 23  9443.43555
 45 24  2546.06226
 45 25 -2241.60645
 45 26  3866.55981
 45 27  1951.01892
 45 28 -1380.71851
 45 29  3920.04272
 45 30  8691.49023
 45 31  448612.438
 45 32  247444.234
 45 33  57184.5508
 45 34  56616.8047
 45 35  25242.0723
 45 36 -3359.25659
 45 37  21023.8145
 45 38  4173.71338
 45 39  4467.84424
 45 40  5673.03369
 45 41  7931.86963
 45 42  7572.3623
 45 43 -409.06311
 45 44  10015.8428
 45 45  51504.3789