           1           1   18870496.0000000     
           1           2   2185219.00000000     
           1           3   323678.500000000     
           1           4   238153.516000000     
           1           5   320047.500000000     
           1           6   193439.188000000     
           1           7   140767.359000000     
           1           8   131931.953000000     
           1           9  -11104.7344000000     
           1          10  -7495.61182000000     
           1          11   59560.9141000000     
           1          12   10364.7021000000     
           1          13   9034.16113000000     
           1          14   78785.7266000000     
           1          15   7426311.00000000     
           1          16   859073.188000000     
           1          17  -1313580.50000000     
           1          18   4119.01025000000     
           1          19   263349.844000000     
           1          20   238494.125000000     
           1          21   99630.9062000000     
           1          22  -73237.1016000000     
           1          23   46069.2539000000     
           1          24   57031.9492000000     
           1          25   25586.7812000000     
           1          26   32258.2500000000     
           1          27   119296.641000000     
           1          28   82857.2031000000     
           1          29   12213353.0000000     
           1          30   517542.281000000     
           1          31   1246926.75000000     
           1          32   836544.188000000     
           1          33   593338.188000000     
           1          34   14959.2998000000     
           1          35   16599.2012000000     
           1          36   21072.0918000000     
           1          37   77782.8906000000     
           1          38  -71379.4062000000     
           1          39  -63864.0586000000     
           1          40  -7113.59375000000     
           1          41   45424.4922000000     
           1          42   105525.945000000     
           2           1   2185219.00000000     
           2           2   4812422.50000000     
           2           3   698852.438000000     
           2           4   235801.469000000     
           2           5   134340.500000000     
           2           6   146843.797000000     
           2           7   60738.7344000000     
           2           8   52182.5039000000     
           2           9   2412.46509000000     
           2          10   41560.3086000000     
           2          11   63832.3906000000     
           2          12   33862.9141000000     
           2          13   30327.2871000000     
           2          14   8588.36523000000     
           2          15   1483361.62000000     
           2          16   3448608.00000000     
           2          17  -303580.906000000     
           2          18   186078.188000000     
           2          19  -63910.0117000000     
           2          20   179970.609000000     
           2          21   1623.46643000000     
           2          22  -271.644470000000     
           2          23   29799.1230000000     
           2          24   8087.82129000000     
           2          25   37092.3594000000     
           2          26   30567.0293000000     
           2          27   31248.5059000000     
           2          28   17013.2812000000     
           2          29   867645.750000000     
           2          30   368781.906000000     
           2          31  -153442.750000000     
           2          32   296132.438000000     
           2          33  -86331.9766000000     
           2          34   157808.594000000     
           2          35  -58719.2070000000     
           2          36   2138.67603000000     
           2          37   10803.5127000000     
           2          38   37420.0234000000     
           2          39   59077.4609000000     
           2          40   18790.1484000000     
           2          41   64068.2773000000     
           2          42  -2650.77368000000     
           3           1   323678.500000000     
           3           2   698852.438000000     
           3           3   1547393.75000000     
           3           4   305000.375000000     
           3           5   161413.062000000     
           3           6   94836.0234000000     
           3           7   45746.5391000000     
           3           8   4623.97021000000     
           3           9   15658.5156000000     
           3          10   15450.4434000000     
           3          11   23321.5312000000     
           3          12   9555.40430000000     
           3          13   13923.4326000000     
           3          14   3146.57739000000     
           3          15  -581286.938000000     
           3          16   1019532.88000000     
           3          17   722906.812000000     
           3          18   185208.469000000     
           3          19  -86025.5547000000     
           3          20  -34099.3281000000     
           3          21  -29992.5488000000     
           3          22   76798.4297000000     
           3          23   24971.4355000000     
           3          24   4200.91504000000     
           3          25   15029.9922000000     
           3          26   22758.5586000000     
           3          27   41651.9297000000     
           3          28   6356.71680000000     
           3          29   409698.250000000     
           3          30   707456.750000000     
           3          31   416681.469000000     
           3          32   96809.6562000000     
           3          33  -24729.1875000000     
           3          34   2737.60303000000     
           3          35   8410.29004000000     
           3          36   51347.4727000000     
           3          37   8293.08691000000     
           3          38   60157.4883000000     
           3          39   44134.1445000000     
           3          40  -1154.57678000000     
           3          41  -11556.5752000000     
           3          42   18962.6113000000     
           4           1   238153.516000000     
           4           2   235801.469000000     
           4           3   305000.375000000     
           4           4   675611.125000000     
           4           5   150693.922000000     
           4           6   48097.4102000000     
           4           7   25433.9023000000     
           4           8   3172.65820000000     
           4           9   4710.63818000000     
           4          10   15569.4111000000     
           4          11   5048.51270000000     
           4          12   5703.41211000000     
           4          13   4626.28223000000     
           4          14   3939.90527000000     
           4          15   471687.531000000     
           4          16   192447.312000000     
           4          17   264124.375000000     
           4          18   551050.375000000     
           4          19   13761.8037000000     
           4          20  -47356.8789000000     
           4          21   7739.71777000000     
           4          22   48243.3945000000     
           4          23  -14006.6865000000     
           4          24   4026.44556000000     
           4          25  -7232.11328000000     
           4          26   10583.3799000000     
           4          27   26241.6445000000     
           4          28   21193.2871000000     
           4          29   5459.77881000000     
           4          30   346613.406000000     
           4          31   456942.562000000     
           4          32   504522.344000000     
           4          33  -34534.0977000000     
           4          34  -19373.0684000000     
           4          35   36936.4766000000     
           4          36   47829.2031000000     
           4          37   5506.13672000000     
           4          38   16108.7539000000     
           4          39  -1630.41907000000     
           4          40   6684.51465000000     
           4          41   5909.01758000000     
           4          42   31241.0645000000     
           5           1   320047.500000000     
           5           2   134340.500000000     
           5           3   161413.062000000     
           5           4   150693.922000000     
           5           5   355174.312000000     
           5           6   71863.7656000000     
           5           7   23531.1914000000     
           5           8   14497.7061000000     
           5           9   17316.4336000000     
           5          10   18265.8633000000     
           5          11   5740.18701000000     
           5          12   2435.79663000000     
           5          13   11741.6396000000     
           5          14   8305.09082000000     
           5          15   517986.875000000     
           5          16   133058.375000000     
           5          17   105267.094000000     
           5          18   124471.367000000     
           5          19   151693.094000000     
           5          20  -8508.00098000000     
           5          21  -8193.64258000000     
           5          22  -8626.63184000000     
           5          23   5684.54688000000     
           5          24   16008.4424000000     
           5          25   5409.35791000000     
           5          26   10670.9375000000     
           5          27   24770.9395000000     
           5          28   6104.37695000000     
           5          29  -513599.594000000     
           5          30  -37532.4180000000     
           5          31   105634.469000000     
           5          32   75339.1562000000     
           5          33   76805.4453000000     
           5          34  -51001.6953000000     
           5          35   12705.0576000000     
           5          36   35605.1133000000     
           5          37   10193.1855000000     
           5          38   15747.6543000000     
           5          39  -6522.62061000000     
           5          40   10974.8984000000     
           5          41  -5184.29980000000     
           5          42   24242.4473000000     
           6           1   193439.188000000     
           6           2   146843.797000000     
           6           3   94836.0234000000     
           6           4   48097.4102000000     
           6           5   71863.7656000000     
           6           6   191495.906000000     
           6           7   43448.4570000000     
           6           8   18800.3516000000     
           6           9   11492.2764000000     
           6          10   6157.06836000000     
           6          11   9377.78320000000     
           6          12   3753.03467000000     
           6          13   8421.27246000000     
           6          14   7149.28467000000     
           6          15   262563.969000000     
           6          16   229091.062000000     
           6          17   69833.8984000000     
           6          18   83838.1641000000     
           6          19   48742.7695000000     
           6          20   100358.914000000     
           6          21   10965.8145000000     
           6          22   9390.61426000000     
           6          23  -825.004700000000     
           6          24   7159.90918000000     
           6          25   15934.1592000000     
           6          26   14391.8613000000     
           6          27  -3462.53979000000     
           6          28  -1441.00244000000     
           6          29  -293611.125000000     
           6          30   79230.3359000000     
           6          31   82753.1641000000     
           6          32   82247.5078000000     
           6          33   12153.9102000000     
           6          34   68719.1641000000     
           6          35  -9131.16797000000     
           6          36  -11655.7686000000     
           6          37  -15448.0908000000     
           6          38   3424.72168000000     
           6          39   19435.9531000000     
           6          40   1523.14819000000     
           6          41   224.617081000000     
           6          42   13631.9736000000     
           7           1   140767.359000000     
           7           2   60738.7344000000     
           7           3   45746.5391000000     
           7           4   25433.9023000000     
           7           5   23531.1914000000     
           7           6   43448.4570000000     
           7           7   109373.633000000     
           7           8   27178.2969000000     
           7           9   13536.1328000000     
           7          10   6629.21240000000     
           7          11   7048.89893000000     
           7          12   5731.59277000000     
           7          13   3973.24878000000     
           7          14   2768.58325000000     
           7          15  -120378.648000000     
           7          16   39555.6602000000     
           7          17   26636.4336000000     
           7          18   8242.09668000000     
           7          19   21831.9688000000     
           7          20   9083.50781000000     
           7          21   26444.5703000000     
           7          22   4415.31201000000     
           7          23  -883.971191000000     
           7          24   842.050476000000     
           7          25   13720.1787000000     
           7          26   4023.62622000000     
           7          27   1286.67883000000     
           7          28   3290.59180000000     
           7          29   161984.797000000     
           7          30   89017.2500000000     
           7          31   48113.0508000000     
           7          32   47646.7539000000     
           7          33  -21432.5391000000     
           7          34   1596.61572000000     
           7          35   26111.3828000000     
           7          36   2791.96216000000     
           7          37  -4606.71729000000     
           7          38  -4056.65039000000     
           7          39   1882.24683000000     
           7          40  -4485.39990000000     
           7          41  -2223.98120000000     
           7          42   3899.81641000000     
           8           1   131931.953000000     
           8           2   52182.5039000000     
           8           3   4623.97021000000     
           8           4   3172.65820000000     
           8           5   14497.7061000000     
           8           6   18800.3516000000     
           8           7   27178.2969000000     
           8           8   69231.8750000000     
           8           9   17892.3652000000     
           8          10   4767.28955000000     
           8          11   9104.21387000000     
           8          12   2348.35205000000     
           8          13   2261.33740000000     
           8          14   3396.69995000000     
           8          15  -23118.8242000000     
           8          16  -48614.0742000000     
           8          17  -1962.06726000000     
           8          18  -19930.6855000000     
           8          19   22838.0957000000     
           8          20   14145.8975000000     
           8          21   18147.9941000000     
           8          22   35052.4844000000     
           8          23   1624.37195000000     
           8          24   1262.25281000000     
           8          25   5528.29541000000     
           8          26   840.262512000000     
           8          27   1563.12280000000     
           8          28   2227.87866000000     
           8          29   42543.5820000000     
           8          30  -56130.7852000000     
           8          31   15065.0508000000     
           8          32  -6784.25293000000     
           8          33   15086.6025000000     
           8          34  -7150.97998000000     
           8          35   71.9678421000000     
           8          36   7962.22998000000     
           8          37  -2039.65686000000     
           8          38  -7907.50391000000     
           8          39  -1919.53589000000     
           8          40  -2743.90332000000     
           8          41  -4337.88379000000     
           8          42  -4279.54932000000     
           9           1  -11104.7344000000     
           9           2   2412.46509000000     
           9           3   15658.5156000000     
           9           4   4710.63818000000     
           9           5   17316.4336000000     
           9           6   11492.2764000000     
           9           7   13536.1328000000     
           9           8   17892.3652000000     
           9           9   58421.9727000000     
           9          10   12206.1826000000     
           9          11   8123.88086000000     
           9          12   2302.56689000000     
           9          13   2690.68237000000     
           9          14   5711.48193000000     
           9          15   67968.9844000000     
           9          16   50537.0117000000     
           9          17   34757.7031000000     
           9          18  -9149.97852000000     
           9          19  -1353.35779000000     
           9          20   7009.84619000000     
           9          21  -12467.5820000000     
           9          22   16364.3184000000     
           9          23   11541.5049000000     
           9          24  -3029.86011000000     
           9          25  -9929.39941000000     
           9          26   3608.95679000000     
           9          27   2316.21240000000     
           9          28  -2352.25903000000     
           9          29   196664.672000000     
           9          30   58814.0820000000     
           9          31   39066.1094000000     
           9          32  -32556.4590000000     
           9          33  -21314.7617000000     
           9          34   3303.32373000000     
           9          35   1430.43176000000     
           9          36   2908.46948000000     
           9          37   25493.8516000000     
           9          38  -3484.99268000000     
           9          39  -7135.13721000000     
           9          40  -11650.0029000000     
           9          41  -1757.07886000000     
           9          42  -535.224426000000     
          10           1  -7495.61182000000     
          10           2   41560.3086000000     
          10           3   15450.4434000000     
          10           4   15569.4111000000     
          10           5   18265.8633000000     
          10           6   6157.06836000000     
          10           7   6629.21240000000     
          10           8   4767.28955000000     
          10           9   12206.1826000000     
          10          10   37300.6016000000     
          10          11   11033.4678000000     
          10          12   6613.08105000000     
          10          13   4941.46826000000     
          10          14   4270.21289000000     
          10          15   22274.3730000000     
          10          16   47626.8320000000     
          10          17  -17280.0039000000     
          10          18  -7805.22998000000     
          10          19  -4525.96289000000     
          10          20  -6084.11279000000     
          10          21  -8728.02637000000     
          10          22   2236.11108000000     
          10          23   1295.07166000000     
          10          24   10718.7100000000     
          10          25   4735.09912000000     
          10          26  -1894.62329000000     
          10          27   5625.52539000000     
          10          28   3964.84717000000     
          10          29  -37269.5742000000     
          10          30   24883.4688000000     
          10          31  -33503.2031000000     
          10          32   16300.7744000000     
          10          33  -3712.16968000000     
          10          34   3422.00000000000     
          10          35  -1939.05969000000     
          10          36  -1038.87903000000     
          10          37   6130.06592000000     
          10          38   7034.57812000000     
          10          39  -4812.46387000000     
          10          40  -8548.55469000000     
          10          41  -3811.45020000000     
          10          42  -3517.20825000000     
          11           1   59560.9141000000     
          11           2   63832.3906000000     
          11           3   23321.5312000000     
          11           4   5048.51270000000     
          11           5   5740.18701000000     
          11           6   9377.78320000000     
          11           7   7048.89893000000     
          11           8   9104.21387000000     
          11           9   8123.88086000000     
          11          10   11033.4678000000     
          11          11   30303.5664000000     
          11          12   9943.52246000000     
          11          13   5111.51318000000     
          11          14   4052.83179000000     
          11          15  -6096.38672000000     
          11          16   28902.7090000000     
          11          17   39402.3125000000     
          11          18   10435.2031000000     
          11          19   11551.7061000000     
          11          20   8974.98047000000     
          11          21   8521.64062000000     
          11          22   13560.3320000000     
          11          23   1479.83655000000     
          11          24   6914.65723000000     
          11          25   16968.1992000000     
          11          26   2602.58789000000     
          11          27   824.523254000000     
          11          28   5858.29834000000     
          11          29   72009.9609000000     
          11          30  -13383.9600000000     
          11          31  -4200.62305000000     
          11          32   22223.7324000000     
          11          33   9519.64062000000     
          11          34   10.3658867000000     
          11          35  -4034.53589000000     
          11          36  -1005.18805000000     
          11          37  -6239.64648000000     
          11          38  -1339.86365000000     
          11          39   10238.9873000000     
          11          40  -7610.78174000000     
          11          41  -1608.03638000000     
          11          42  -521.045898000000     
          12           1   10364.7021000000     
          12           2   33862.9141000000     
          12           3   9555.40430000000     
          12           4   5703.41211000000     
          12           5   2435.79663000000     
          12           6   3753.03467000000     
          12           7   5731.59277000000     
          12           8   2348.35205000000     
          12           9   2302.56689000000     
          12          10   6613.08105000000     
          12          11   9943.52246000000     
          12          12   24518.4277000000     
          12          13   7423.37939000000     
          12          14   3681.69873000000     
          12          15   101723.906000000     
          12          16   75471.7344000000     
          12          17  -8096.40723000000     
          12          18   10116.0117000000     
          12          19   2862.16260000000     
          12          20   4742.39893000000     
          12          21   1862.52490000000     
          12          22   7554.39697000000     
          12          23  -5054.39941000000     
          12          24   1258.46436000000     
          12          25   5485.27979000000     
          12          26   7840.63574000000     
          12          27   5213.45215000000     
          12          28   2389.04102000000     
          12          29   7365.38330000000     
          12          30   55646.0117000000     
          12          31   46074.7617000000     
          12          32   9957.15137000000     
          12          33  -3170.89355000000     
          12          34   1089.61646000000     
          12          35   5646.87402000000     
          12          36  -6289.52441000000     
          12          37  -12439.1172000000     
          12          38  -297.813843000000     
          12          39  -1900.38831000000     
          12          40   6093.61621000000     
          12          41   729.880737000000     
          12          42   2256.55298000000     
          13           1   9034.16113000000     
          13           2   30327.2871000000     
          13           3   13923.4326000000     
          13           4   4626.28223000000     
          13           5   11741.6396000000     
          13           6   8421.27246000000     
          13           7   3973.24878000000     
          13           8   2261.33740000000     
          13           9   2690.68237000000     
          13          10   4941.46826000000     
          13          11   5111.51318000000     
          13          12   7423.37939000000     
          13          13   21309.9336000000     
          13          14   6701.25098000000     
          13          15  -9251.85938000000     
          13          16   43460.4023000000     
          13          17  -5302.71973000000     
          13          18   14615.6621000000     
          13          19   9011.12012000000     
          13          20   1841.69067000000     
          13          21  -5141.58203000000     
          13          22   4634.23535000000     
          13          23  -863.682007000000     
          13          24   4092.24219000000     
          13          25   2818.09912000000     
          13          26   3151.36621000000     
          13          27   7372.01318000000     
          13          28   2661.54785000000     
          13          29   30098.3691000000     
          13          30   8560.89355000000     
          13          31  -3810.64722000000     
          13          32   26041.8438000000     
          13          33  -11703.6494000000     
          13          34  -9876.19922000000     
          13          35   1450.74365000000     
          13          36  -3502.83813000000     
          13          37   706.066101000000     
          13          38  -564.484741000000     
          13          39   1020.93414000000     
          13          40   1543.11597000000     
          13          41   2092.40796000000     
          13          42   3912.36011000000     
          14           1   78785.7266000000     
          14           2   8588.36523000000     
          14           3   3146.57739000000     
          14           4   3939.90527000000     
          14           5   8305.09082000000     
          14           6   7149.28467000000     
          14           7   2768.58325000000     
          14           8   3396.69995000000     
          14           9   5711.48193000000     
          14          10   4270.21289000000     
          14          11   4052.83179000000     
          14          12   3681.69873000000     
          14          13   6701.25098000000     
          14          14   17730.5059000000     
          14          15  -55924.4258000000     
          14          16   3579.71533000000     
          14          17  -6882.40869000000     
          14          18  -32.9077454000000     
          14          19   7048.11182000000     
          14          20   3022.92603000000     
          14          21   6147.63330000000     
          14          22   4941.32373000000     
          14          23   8043.78467000000     
          14          24   4681.51465000000     
          14          25   1751.35474000000     
          14          26   2435.58594000000     
          14          27   2079.16675000000     
          14          28   3405.86499000000     
          14          29   145240.781000000     
          14          30   72823.1875000000     
          14          31  -20607.2441000000     
          14          32  -6217.95264000000     
          14          33   69.4595947000000     
          14          34  -6781.73291000000     
          14          35   243.202408000000     
          14          36  -708.305420000000     
          14          37   6723.54688000000     
          14          38  -1190.38708000000     
          14          39  -5581.87793000000     
          14          40  -1214.47473000000     
          14          41   1042.65881000000     
          14          42   2341.57544000000     
          15           1   7426311.00000000     
          15           2   1483361.62000000     
          15           3  -581286.938000000     
          15           4   471687.531000000     
          15           5   517986.875000000     
          15           6   262563.969000000     
          15           7  -120378.648000000     
          15           8  -23118.8242000000     
          15           9   67968.9844000000     
          15          10   22274.3730000000     
          15          11  -6096.38672000000     
          15          12   101723.906000000     
          15          13  -9251.85938000000     
          15          14  -55924.4258000000     
          15          15   109971648.000000     
          15          16   10598793.0000000     
          15          17   869913.688000000     
          15          18  -536005.750000000     
          15          19   559526.438000000     
          15          20   877425.812000000     
          15          21  -109012.383000000     
          15          22  -65472.1914000000     
          15          23   167507.344000000     
          15          24   69816.8359000000     
          15          25   62040.7539000000     
          15          26   304097.688000000     
          15          27   236853.328000000     
          15          28   1221.46716000000     
          15          29  -8705859.00000000     
          15          30  -7953064.00000000     
          15          31  -4215968.50000000     
          15          32   1557301.75000000     
          15          33   418750.875000000     
          15          34   913503.125000000     
          15          35   600053.125000000     
          15          36   126145.289000000     
          15          37  -69918.0156000000     
          15          38  -230317.125000000     
          15          39  -3426.81738000000     
          15          40   353016.750000000     
          15          41  -377903.156000000     
          15          42   69047.5000000000     
          16           1   859073.188000000     
          16           2   3448608.00000000     
          16           3   1019532.88000000     
          16           4   192447.312000000     
          16           5   133058.375000000     
          16           6   229091.062000000     
          16           7   39555.6602000000     
          16           8  -48614.0742000000     
          16           9   50537.0117000000     
          16          10   47626.8320000000     
          16          11   28902.7090000000     
          16          12   75471.7344000000     
          16          13   43460.4023000000     
          16          14   3579.71533000000     
          16          15   10598793.0000000     
          16          16   27631532.0000000     
          16          17   2816537.75000000     
          16          18   577851.812000000     
          16          19   117381.227000000     
          16          20   153353.109000000     
          16          21   58124.7773000000     
          16          22   26943.5000000000     
          16          23  -62404.1953000000     
          16          24   154954.656000000     
          16          25  -41506.1328000000     
          16          26   132895.297000000     
          16          27   225173.656000000     
          16          28   42529.1953000000     
          16          29   306220.031000000     
          16          30   8598041.00000000     
          16          31  -3468777.25000000     
          16          32  -200948.672000000     
          16          33  -399528.438000000     
          16          34   198214.531000000     
          16          35   177.074890000000     
          16          36   1638.87292000000     
          16          37  -3344.15259000000     
          16          38   196555.344000000     
          16          39  -185434.656000000     
          16          40   170764.375000000     
          16          41  -119662.359000000     
          16          42  -53865.0938000000     
          17           1  -1313580.50000000     
          17           2  -303580.906000000     
          17           3   722906.812000000     
          17           4   264124.375000000     
          17           5   105267.094000000     
          17           6   69833.8984000000     
          17           7   26636.4336000000     
          17           8  -1962.06726000000     
          17           9   34757.7031000000     
          17          10  -17280.0039000000     
          17          11   39402.3125000000     
          17          12  -8096.40723000000     
          17          13  -5302.71973000000     
          17          14  -6882.40869000000     
          17          15   869913.688000000     
          17          16   2816537.75000000     
          17          17   9618324.00000000     
          17          18   1129244.50000000     
          17          19   18553.9023000000     
          17          20   219304.781000000     
          17          21   110514.180000000     
          17          22  -32097.5293000000     
          17          23  -18454.4297000000     
          17          24   81472.9375000000     
          17          25   38327.9766000000     
          17          26   86954.2734000000     
          17          27   39156.4805000000     
          17          28   19592.2949000000     
          17          29  -1830832.12000000     
          17          30   1445221.25000000     
          17          31   459449.188000000     
          17          32  -675441.812000000     
          17          33  -158189.703000000     
          17          34  -112580.695000000     
          17          35   99475.7969000000     
          17          36   41208.3047000000     
          17          37   129360.703000000     
          17          38   78977.5547000000     
          17          39   53905.9883000000     
          17          40   30572.3184000000     
          17          41  -11936.6562000000     
          17          42   27892.5703000000     
          18           1   4119.01025000000     
          18           2   186078.188000000     
          18           3   185208.469000000     
          18           4   551050.375000000     
          18           5   124471.367000000     
          18           6   83838.1641000000     
          18           7   8242.09668000000     
          18           8  -19930.6855000000     
          18           9  -9149.97852000000     
          18          10  -7805.22998000000     
          18          11   10435.2031000000     
          18          12   10116.0117000000     
          18          13   14615.6621000000     
          18          14  -32.9077454000000     
          18          15  -536005.750000000     
          18          16   577851.812000000     
          18          17   1129244.50000000     
          18          18   4058905.25000000     
          18          19   425195.438000000     
          18          20   163336.609000000     
          18          21   90146.3281000000     
          18          22   36203.8672000000     
          18          23   24029.6465000000     
          18          24   1004.25793000000     
          18          25   3865.35278000000     
          18          26   36464.1641000000     
          18          27   11949.1650000000     
          18          28   18649.0176000000     
          18          29  -498192.781000000     
          18          30   357562.406000000     
          18          31   844369.688000000     
          18          32   1394758.38000000     
          18          33  -276447.750000000     
          18          34  -180680.453000000     
          18          35   87602.8203000000     
          18          36   102208.859000000     
          18          37  -74477.7344000000     
          18          38   44969.5898000000     
          18          39  -39331.0234000000     
          18          40   37761.3594000000     
          18          41  -10302.3203000000     
          18          42   32070.1328000000     
          19           1   263349.844000000     
          19           2  -63910.0117000000     
          19           3  -86025.5547000000     
          19           4   13761.8037000000     
          19           5   151693.094000000     
          19           6   48742.7695000000     
          19           7   21831.9688000000     
          19           8   22838.0957000000     
          19           9  -1353.35779000000     
          19          10  -4525.96289000000     
          19          11   11551.7061000000     
          19          12   2862.16260000000     
          19          13   9011.12012000000     
          19          14   7048.11182000000     
          19          15   559526.438000000     
          19          16   117381.227000000     
          19          17   18553.9023000000     
          19          18   425195.438000000     
          19          19   1892430.12000000     
          19          20   329861.250000000     
          19          21   61275.9805000000     
          19          22   39797.0078000000     
          19          23   4782.60840000000     
          19          24   10659.3828000000     
          19          25   16614.0000000000     
          19          26   48907.1797000000     
          19          27  -2040.25183000000     
          19          28   3903.33521000000     
          19          29   180621.141000000     
          19          30  -189687.625000000     
          19          31   62121.5781000000     
          19          32   439071.406000000     
          19          33   546562.875000000     
          19          34  -45144.2188000000     
          19          35  -37763.8750000000     
          19          36   43909.5156000000     
          19          37  -20507.3711000000     
          19          38  -31755.0703000000     
          19          39  -36126.3125000000     
          19          40   33643.6719000000     
          19          41   12973.5840000000     
          19          42   46195.4531000000     
          20           1   238494.125000000     
          20           2   179970.609000000     
          20           3  -34099.3281000000     
          20           4  -47356.8789000000     
          20           5  -8508.00098000000     
          20           6   100358.914000000     
          20           7   9083.50781000000     
          20           8   14145.8975000000     
          20           9   7009.84619000000     
          20          10  -6084.11279000000     
          20          11   8974.98047000000     
          20          12   4742.39893000000     
          20          13   1841.69067000000     
          20          14   3022.92603000000     
          20          15   877425.812000000     
          20          16   153353.109000000     
          20          17   219304.781000000     
          20          18   163336.609000000     
