 1 1  144057984.
 1 2  18364350.
 1 3  1530513.75
 1 4  30638.3379
 1 5  326982.656
 1 6  238324.797
 1 7  56916.6211
 1 8  159379.375
 1 9  75466.4766
 1 10  67964.3281
 1 11  59449.9375
 1 12  128391.352
 1 13 -1348.22375
 1 14 -45278.3555
 1 15 -34789.7852
 1 16  716421248.
 1 17 -20992658.
 1 18 -3901867.25
 1 19 -1298620.25
 1 20  1201642.25
 1 21  388962.875
 1 22  282929.625
 1 23  674715.688
 1 24  507850.75
 1 25  241265.266
 1 26 -108084.391
 1 27  183312.797
 1 28 -76644.3438
 1 29  166597.234
 1 30  26975.7363
 1 31  1.27341235E+09
 1 32 -21187232.
 1 33  404577.125
 1 34  5083392.
 1 35 -211616.047
 1 36  511613.
 1 37  60324.4727
 1 38  143744.125
 1 39 -492023.281
 1 40  430097.
 1 41  31065.2461
 1 42  95482.0078
 1 43 -163251.219
 1 44  51679.5977
 1 45 -53868.2695
 2 1  18364350.
 2 2  15572814.
 2 3  3254481.25
 2 4  437799.219
 2 5  372928.25
 2 6  253540.016
 2 7  80226.125
 2 8  80657.7109
 2 9  18206.1953
 2 10  27833.2188
 2 11  36805.6367
 2 12  50339.1172
 2 13  19825.8047
 2 14  24597.8848
 2 15  19569.1426
 2 16  91383784.
 2 17 -2626638.
 2 18 -2133750.
 2 19 -252097.406
 2 20  301925.531
 2 21  35594.6758
 2 22  146229.125
 2 23  271231.156
 2 24  52141.25
 2 25  221965.391
 2 26  5056.521
 2 27  48598.6211
 2 28  5549.75537
 2 29  10753.2344
 2 30 -18310.1172
 2 31  162656400.
 2 32  15001744.
 2 33 -412666.469
 2 34  1702455.5
 2 35  158008.047
 2 36  369366.844
 2 37  168993.109
 2 38  254375.078
 2 39  31369.8027
 2 40  34321.9609
 2 41  20722.3594
 2 42  82167.6016
 2 43  75861.0391
 2 44  9920.06445
 2 45  35735.3008
 3 1  1530513.75
 3 2  3254481.25
 3 3  4197253.5
 3 4  1070970.62
 3 5  335333.969
 3 6  178248.516
 3 7  49735.1289
 3 8  52573.1406
 3 9  42011.4961
 3 10  51427.4297
 3 11  36123.168
 3 12  19253.4727
 3 13  18768.7129
 3 14  3175.73071
 3 15  3977.31812
 3 16  7621881.
 3 17  1317372.88
 3 18  2323303.5
 3 19 -330877.125
 3 20 -88503.2734
 3 21 -3142.95923
 3 22 -95638.8125
 3 23  109960.133
 3 24  20841.3262
 3 25  125210.016
 3 26  7364.40625
 3 27  3732.75098
 3 28  4523.13916
 3 29 -7983.10205
 3 30 -44856.7109
 3 31  13587276.
 3 32  5905843.5
 3 33  122909.289
 3 34 -940565.812
 3 35  129272.18
 3 36  318308.719
 3 37  57330.1641
 3 38  138705.047
 3 39 -35710.4297
 3 40  83429.8047
 3 41  52556.25
 3 42  27415.1406
 3 43 -1979.13977
 3 44  19427.3516
 3 45 -1380.03662
 4 1  30638.3379
 4 2  437799.219
 4 3  1070970.62
 4 4  1852793.12
 4 5  482436.969
 4 6  156009.688
 4 7  100017.547
 4 8  64138.0586
 4 9  61642.1875
 4 10  43456.2891
 4 11  34894.082
 4 12  26256.5859
 4 13  23912.9355
 4 14  16696.0781
 4 15  12843.8398
 4 16  144911.234
 4 17 -138969.766
 4 18  1131645.12
 4 19  1868962.62
 4 20  188702.062
 4 21  48327.5664
 4 22  42282.7383
 4 23  128830.531
 4 24  93082.3047
 4 25  136005.469
 4 26  74909.1953
 4 27  27909.2012
 4 28  20648.6504
 4 29  19889.6152
 4 30  9561.12793
 4 31  229552.828
 4 32  471278.375
 4 33 -105513.148
 4 34 -119542.078
 4 35 -192686.109
 4 36  124548.047
 4 37  13228.1172
 4 38  36193.3789
 4 39 -26085.0879
 4 40  23312.6855
 4 41  25708.8223
 4 42  10903.9873
 4 43  31705.4082
 4 44  45596.9648
 4 45  16865.3711
 5 1  326982.656
 5 2  372928.25
 5 3  335333.969
 5 4  482436.969
 5 5  662401.125
 5 6  159649.922
 5 7  48893.8594
 5 8  24814.3223
 5 9  34445.957
 5 10  26632.0469
 5 11  19215.6816
 5 12  25451.1934
 5 13  17792.6348
 5 14  8631.90625
 5 15  10435.459
 5 16  1615223.88
 5 17  124115.539
 5 18  149295.484
 5 19  427516.219
 5 20  511871.688
 5 21  23233.3555
 5 22  23713.3418
 5 23  51418.3789
 5 24  32245.9082
 5 25  37033.7188
 5 26 -798.149414
 5 27  21077.6504
 5 28  15729.084
 5 29  17044.6113
 5 30  5300.33203
 5 31  2824552.
 5 32  417983.281
 5 33  166472.
 5 34  180532.5
 5 35  324595.406
 5 36  18918.4609
 5 37 -28899.707
 5 38 -18605.7207
 5 39 -54598.8633
 5 40  1427.78967
 5 41  7587.10156
 5 42  15223.3809
 5 43 -1453.26868
 5 44  5049.22021
 5 45  8119.98047
 6 1  238324.797
 6 2  253540.016
 6 3  178248.516
 6 4  156009.688
 6 5  159649.922
 6 6  282237.344
 6 7  89327.9141
 6 8  31426.1445
 6 9  20923.4121
 6 10  14458.4248
 6 11  16163.1406
 6 12  11257.5068
 6 13  11150.8936
 6 14  5719.6333
 6 15  5779.41553
 6 16  1182381.38
 6 17  268060.781
 6 18  31602.4746
 6 19  41162.2031
 6 20  67585.0469
 6 21  207256.344
 6 22  5343.26416
 6 23  566.046448
 6 24  17483.4844
 6 25  19146.4961
 6 26  21169.1445
 6 27  17337.1523
 6 28 -1194.71716
 6 29  4777.22021
 6 30  3631.40356
 6 31  2086749.25
 6 32  281714.781
 6 33 -120846.961
 6 34  49637.0117
 6 35 -20876.3848
 6 36  140694.5
 6 37 -50675.6836
 6 38 -24833.752
 6 39 -30714.2812
 6 40  20507.6035
 6 41  659.478149
 6 42  4418.10938
 6 43 -9818.00098
 6 44 -2324.64844
 6 45  2853.22021
 7 1  56916.6211
 7 2  80226.125
 7 3  49735.1289
 7 4  100017.547
 7 5  48893.8594
 7 6  89327.9141
 7 7  160919.719
 7 8  42426.7031
 7 9  22198.3086
 7 10  15186.0205
 7 11  16434.8281
 7 12  8038.23389
 7 13  10152.3887
 7 14  4311.50732
 7 15  4639.45264
 7 16  280241.594
 7 17  144632.562
 7 18  56902.6797
 7 19  87252.5547
 7 20  31278.4785
 7 21  80338.9062
 7 22  163150.031
 7 23  34756.457
 7 24  27074.5
 7 25  33795.1914
 7 26  32840.9258
 7 27  17597.6074
 7 28  4745.646
 7 29  4271.74219
 7 30  4903.04492
 7 31  484594.531
 7 32 -28989.7539
 7 33 -224693.938
 7 34  22513.9043
 7 35 -57972.8359
 7 36  16089.6084
 7 37  101280.617
 7 38 -34023.8164
 7 39 -9721.61035
 7 40  22225.3379
 7 41  13979.0752
 7 42  7818.47021
 7 43  4576.8125
 7 44  4886.71484
 7 45  4931.41406
 8 1  159379.375
 8 2  80657.7109
 8 3  52573.1406
 8 4  64138.0586
 8 5  24814.3223
 8 6  31426.1445
 8 7  42426.7031
 8 8  98368.7109
 8 9  31895.1777
 8 10  13323.6719
 8 11  11309.2305
 8 12  5811.9707
 8 13  5611.42578
 8 14  2917.65454
 8 15  3211.94824
 8 16  793788.812
 8 17 -16170.0674
 8 18  67393.3203
 8 19  45058.1992
 8 20  42812.793
 8 21  46073.625
 8 22  47864.5586
 8 23  85809.9062
 8 24  23833.1016
 8 25  20359.3398
 8 26  13191.8223
 8 27  10751.8301
 8 28  7855.0127
 8 29  4044.78394
 8 30  3495.54102
 8 31  1414232.88
 8 32 -107745.602
 8 33 -155738.484
 8 34 -58497.1445
 8 35  37116.3008
 8 36 -12472.9805
 8 37  2906.4707
 8 38  6611.24707
 8 39 -26601.8906
 8 40  6132.33789
 8 41  10391.9648
 8 42  4315.43604
 8 43  4102.5752
 8 44  1245.36609
 8 45  2459.17822
 9 1  75466.4766
 9 2  18206.1953
 9 3  42011.4961
 9 4  61642.1875
 9 5  34445.957
 9 6  20923.4121
 9 7  22198.3086
 9 8  31895.1777
 9 9  60082.1523
 9 10  19996.8145
 9 11  10452.4287
 9 12  6961.52051
 9 13  6332.79639
 9 14  6105.5415
 9 15  4636.62695
 9 16  376177.406
 9 17  141979.375
 9 18  64773.875
 9 19  62869.9023
 9 20  36558.8867
 9 21  41279.1797
 9 22  5822.95117
 9 23  21333.1738
 9 24  54967.7188
 9 25  12888.8848
 9 26  3996.07422
 9 27  3190.17944
 9 28  2065.70459
 9 29  1430.32532
 9 30 -554.213928
 9 31  673219.188
 9 32 -220875.031
 9 33 -97016.3516
 9 34 -36489.1758
 9 35 -28688.0801
 9 36  4317.74951
 9 37 -7932.21533
 9 38  2908.74243
 9 39  4630.25928
 9 40 -9287.65234
 9 41 -2318.88037
 9 42 -4548.56836
 9 43 -1819.72241
 9 44  2741.00879
 9 45 -742.345825
 10 1  67964.3281
 10 2  27833.2188
 10 3  51427.4297
 10 4  43456.2891
 10 5  26632.0469
 10 6  14458.4248
 10 7  15186.0205
 10 8  13323.6719
 10 9  19996.8145
 10 10  37148.7578
 10 11  13607.5752
 10 12  6512.98145
 10 13  4518.44678
 10 14  3813.3374
 10 15  2740.02539
 10 16  337598.594
 10 17 -4383.01514
 10 18  44651.4297
 10 19  49102.8594
 10 20  42644.1875
 10 21  16335.3154
 10 22  4700.33008
 10 23 -1231.15527
 10 24  7479.76123
 10 25  30526.4414
 10 26  3255.18408
 10 27  1918.87256
 10 28  547.99176
 10 29  2279.41235
 10 30  175.347626
 10 31  599687.875
 10 32 -99538.4297
 10 33  5302.49414
 10 34  8800.43945
 10 35 -26108.875
 10 36 -12326.0605
 10 37 -3459.06421
 10 38  9.98234653
 10 39 -2504.68823
 10 40  11144.0068
 10 41 -4463.64258
 10 42 -1109.08765
 10 43 -547.986938
 10 44 -180.26796
 10 45 -931.539307
 11 1  59449.9375
 11 2  36805.6367
 11 3  36123.168
 11 4  34894.082
 11 5  19215.6816
 11 6  16163.1406
 11 7  16434.8281
 11 8  11309.2305
 11 9  10452.4287
 11 10  13607.5752
 11 11  28777.9805
 11 12  10555.7588
 11 13  6303.31689
 11 14  3489.50977
 11 15  3118.69727
 11 16  295147.344
 11 17  3563.92725
 11 18 -13698.3145
 11 19  14178.3809
 11 20  9319.70117
 11 21  15892.8574
 11 22  11747.584
 11 23  334.522247
 11 24  4213.9707
 11 25  10718.542
 11 26  20760.0488
 11 27  6436.5166
 11 28  1727.91296
 11 29  3007.7688
 11 30 -1704.99695
 11 31  522732.344
 11 32  59.7008018
 11 33 -47277.5312
 11 34 -6168.15332
 11 35 -5254.81641
 11 36  9505.09668
 11 37  7409.51758
 11 38 -11098.7861
 11 39 -3176.00171
 11 40  1150.71045
 11 41  6005.60742
 11 42 -823.291321
 11 43 -2532.81641
 11 44  1553.09741
 11 45 -34.7248878
 12 1  128391.352
 12 2  50339.1172
 12 3  19253.4727
 12 4  26256.5859
 12 5  25451.1934
 12 6  11257.5068
 12 7  8038.23389
 12 8  5811.9707
 12 9  6961.52051
 12 10  6512.98145
 12 11  10555.7588
 12 12  21678.7188
 12 13  7859.07324
 12 14  4658.2832
 12 15  3005.37891
 12 16  638730.688
 12 17 -5652.36719
 12 18  2807.14624
 12 19  42574.5469
 12 20  22834.0332
 12 21  7912.65186
 12 22  4984.66162
 12 23  4904.521
 12 24  8557.48535
 12 25  12223.9766
 12 26  10461.4883
 12 27  11026.3164
 12 28  5347.14355
 12 29  1195.46704
 12 30  1271.57007
 12 31  1136022.5
 12 32 -34674.1992
 12 33 -34499.793
 12 34  25765.1387
 12 35 -5681.22168
 12 36  10140.1602
 12 37 -2555.54565
 12 38 -1243.8667
 12 39 -1596.10376
 12 40  200.704575
 12 41  3839.38135
 12 42  5315.75879
 12 43 -1524.5564
 12 44  1192.07629
 12 45  1679.50916
 13 1 -1348.22375
 13 2  19825.8047
 13 3  18768.7129
 13 4  23912.9355
 13 5  17792.6348
 13 6  11150.8936
 13 7  10152.3887
 13 8  5611.42578
 13 9  6332.79639
 13 10  4518.44678
 13 11  6303.31689
 13 12  7859.07324
 13 13  17792.3516
 13 14  6282.81299
 13 15  3191.43457
 13 16 -6760.0791
 13 17  45053.5156
 13 18  32689.1523
 13 19  38003.0039
 13 20  6452.32959
 13 21  6939.10107
 13 22  4228.42529
 13 23  3751.82056
 13 24  4821.79736
 13 25  4998.13037
 13 26  2347.07104
 13 27  1269.74707
 13 28  13123.0352
 13 29  488.591003
 13 30  599.948181
 13 31 -12333.0518
 13 32  109831.055
 13 33 -14207.8662
 13 34  1539.52051
 13 35 -24390.8242
 13 36 -8649.83398
 13 37  4631.36182
 13 38 -6892.35059
 13 39 -3905.97437
 13 40  574.509399
 13 41  1800.8772
 13 42  1617.42102
 13 43  6115.25342
 13 44 -204.202744
 13 45  288.975525
 14 1 -45278.3555
 14 2  24597.8848
 14 3  3175.73071
 14 4  16696.0781
 14 5  8631.90625
 14 6  5719.6333
 14 7  4311.50732
 14 8  2917.65454
 14 9  6105.5415
 14 10  3813.3374
 14 11  3489.50977
 14 12  4658.2832
 14 13  6282.81299
 14 14  13829.8857
 14 15  4540.93604
 14 16 -224974.234
 14 17 -13194.416
 14 18  2171.07031
 14 19  38735.4648
 14 20  1926.20911
 14 21  10355.8271
 14 22  2664.09961
 14 23  6757.36572
 14 24  7896.77832
 14 25  5732.30029
 14 26  3164.55542
 14 27  377.023224
 14 28  4766.87061
 14 29  7709.96387
 14 30  2550.80371
 14 31 -400040.156
 14 32 -45675.2188
 14 33  3674.65845
 14 34  1273.62024
 14 35 -26040.1621
 14 36 -8099.729
 14 37 -3277.41309
 14 38 -1924.00317
 14 39 -2318.88965
 14 40 -2561.4563
 14 41  1145.88147
 14 42  171.601822
 14 43  1721.04028
 14 44  4559.41748
 14 45  122.288429
 15 1 -34789.7852
 15 2  19569.1426
 15 3  3977.31812
 15 4  12843.8398
 15 5  10435.459
 15 6  5779.41553
 15 7  4639.45264
 15 8  3211.94824
 15 9  4636.62695
 15 10  2740.02539
 15 11  3118.69727
 15 12  3005.37891
 15 13  3191.43457
 15 14  4540.93604
 15 15  9582.29395
 15 16 -173332.953
 15 17 -11671.0469
 15 18  14700.626
 15 19  28617.7188
 15 20  20590.0332
 15 21  21523.127
 15 22  7724.40283
 15 23  1297.8407
 15 24  2747.45435
 15 25  4938.25146
 15 26  1320.07214
 15 27  267.800201
 15 28  787.319458
 15 29  1287.82422
 15 30  4961.6084
 15 31 -309498.094
 15 32 -54546.1641
 15 33 -14924.8447
 15 34  9396.94238
 15 35  4145.35791
 15 36  4858.30762
 15 37 -799.673157
 15 38 -6973.15771
 15 39 -3575.23657
 15 40 -3750.10596
 15 41 -2624.67432
 15 42 -1402.68347
 15 43  242.699677
 15 44  2182.07739
 15 45  4552.55859
 16 1  716421248.
 16 2  91383784.
 16 3  7621881.
 16 4  144911.234
 16 5  1615223.88
 16 6  1182381.38
 16 7  280241.594
 16 8  793788.812
 16 9  376177.406
 16 10  337598.594
 16 11  295147.344
 16 12  638730.688
 16 13 -6760.0791
 16 14 -224974.234
 16 15 -173332.953
 16 16  3.5628759E+09
 16 17 -104485928.
 16 18 -19390052.
 16 19 -6463010.
 16 20  5961467.
 16 21  1936623.62
 16 22  1409495.75
 16 23  3356132.5
 16 24  2525240.75
 16 25  1200329.38
 16 26 -538361.25
 16 27  910539.062
 16 28 -380931.594
 16 29  827611.
 16 30  134240.078
 16 31  6.33294182E+09
 16 32 -105513904.
 16 33  1993972.62
 16 34  25252358.
 16 35 -1085588.25
 16 36  2537803.
 16 37  295565.031
 16 38  713971.5
 16 39 -2445818.
 16 40  2140059.5
 16 41  155545.266
 16 42  474875.875
 16 43 -810831.
 16 44  256917.766
 16 45 -267368.188
 17 1 -20992658.
 17 2 -2626638.
 17 3  1317372.88
 17 4 -138969.766
 17 5  124115.539
 17 6  268060.781
 17 7  144632.562
 17 8 -16170.0674
 17 9  141979.375
 17 10 -4383.01514
 17 11  3563.92725
 17 12 -5652.36719
 17 13  45053.5156
 17 14 -13194.416
 17 15 -11671.0469
 17 16 -104485928.
 17 17  65112868.
 17 18  9168465.
 17 19  292866.
 17 20  304097.875
 17 21  36683.8438
 17 22 -235944.531
 17 23 -499675.906
 17 24  309011.469
 17 25 -71597.5859
 17 26  2363.29028
 17 27  15591.5635
 17 28  107104.688
 17 29 -44085.543
 17 30 -47308.1055
 17 31 -186089760.
 17 32  15340264.
 17 33 -14022534.
 17 34 -1196917.12
 17 35  209631.812
 17 36  956837.312
 17 37  296375.938
 17 38 -304319.656
 17 39 -211743.172
 17 40 -42217.0352
 17 41  184693.484
 17 42  19200.4473
 17 43  156885.375
 17 44  16684.4668
 17 45  78777.0625
 18 1 -3901867.25
 18 2 -2133750.
 18 3  2323303.5
 18 4  1131645.12
 18 5  149295.484
 18 6  31602.4746
 18 7  56902.6797
 18 8  67393.3203
 18 9  64773.875
 18 10  44651.4297
 18 11 -13698.3145
 18 12  2807.14624
 18 13  32689.1523
 18 14  2171.07031
 18 15  14700.626
 18 16 -19390052.
 18 17  9168465.
 18 18  21543112.
 18 19  3398482.25
 18 20  954964.688
 18 21  109968.805
 18 22  214167.906
 18 23  105095.023
 18 24  125152.078
 18 25  177673.391
 18 26 -25350.9824
 18 27  12373.791
 18 28  149829.469
 18 29  50309.082
 18 30  46193.8125
 18 31 -34406528.
 18 32  6309256.
 18 33 -4252157.
 18 34 -4196826.
 18 35 -555017.562
 18 36  353739.188
 18 37 -165561.219
 18 38  392237.562
 18 39  128436.586
 18 40  234247.828
 18 41  131157.578
 18 42  170062.672
 18 43  134068.188
 18 44  74508.0391
 18 45  12037.2764
 19 1 -1298620.25
 19 2 -252097.406
 19 3 -330877.125
 19 4  1868962.62
 19 5  427516.219
 19 6  41162.2031
 19 7  87252.5547
 19 8  45058.1992
 19 9  62869.9023
 19 10  49102.8594
 19 11  14178.3809
 19 12  42574.5469
 19 13  38003.0039
 19 14  38735.4648
 19 15  28617.7188
 19 16 -6463010.
 19 17  292866.
 19 18  3398482.25
 19 19  10017510.
 19 20  1950923.
 19 21  583052.438
 19 22  304256.562
 19 23  282179.219
 19 24  224784.031
 19 25  296043.625
 19 26  251079.672
 19 27  91732.3281
 19 28  92872.8516
 19 29  84086.1719
 19 30  80382.
 19 31 -11508144.
 19 32  582010.5
 19 33  1773769.25
 19 34  3593104.25
 19 35 -818718.25
 19 36 -97060.6094
 19 37 -168150.688
 19 38 -60613.7344
 19 39 -20160.0391
 19 40  42038.2461
 19 41  45336.9414
 19 42  19260.5645
 19 43  35221.4414
 19 44  82964.2031
 19 45  94745.125
 20 1  1201642.25
 20 2  301925.531
 20 3 -88503.2734
 20 4  188702.062
 20 5  511871.688
 20 6  67585.0469
 20 7  31278.4785
 20 8  42812.793
 20 9  36558.8867
 20 10  42644.1875
 20 11  9319.70117
 20 12  22834.0332
 20 13  6452.32959
 20 14  1926.20911
 20 15  20590.0332
 20 16  5961467.
 20 17  304097.875
 20 18  954964.688
 20 19  1950923.
 20 20  3687166.75
 20 21  654326.688
 20 22  275741.812
 20 23  174523.547
 20 24  49989.4297
 20 25  45664.3047
 20 26  8167.72412
 20 27  67165.1328
 20 28  53726.418
 20 29  9021.55957
 20 30  14514.8682
 20 31  10535700.
 20 32 -495363.562
 20 33 -398928.281
 20 34  787351.312
 20 35  994617.062
 20 36 -403625.812
 20 37 -425450.688
 20 38 -96189.2891
 20 39 -134279.406
 20 40 -43747.5664
 20 41 -40956.0586
 20 42  77692.8359
 20 43  21850.1523
 20 44 -25712.8496
 20 45  23187.207
 21 1  388962.875
 21 2  35594.6758
 21 3 -3142.95923
 21 4  48327.5664
 21 5  23233.3555
 21 6  207256.344
 21 7  80338.9062
 21 8  46073.625
 21 9  41279.1797
 21 10  16335.3154
 21 11  15892.8574
 21 12  7912.65186
 21 13  6939.10107
 21 14  10355.8271
 21 15  21523.127
 21 16  1936623.62
 21 17  36683.8438
 21 18  109968.805
 21 19  583052.438
 21 20  654326.688
 21 21  1841640.62
 21 22  412562.75
 21 23  108336.055
 21 24  96122.5625
 21 25  73409.1328
 21 26  71257.4609
 21 27  31313.166
 21 28  20077.7832
 21 29  31734.8887
 21 30  35650.6367
 21 31  3451736.5
 21 32 -125004.484
 21 33  95232.8984
 21 34  221158.25
 21 35 -24268.4336
 21 36  377802.625
 21 37 -267119.281
 21 38 -238189.625
 21 39 -113969.289
 21 40  36587.1445
 21 41 -154.631149
 21 42  3595.47119
 21 43  12399.6357
 21 44  10555.4717
 21 45  10612.7168
 22 1  282929.625
 22 2  146229.125
 22 3 -95638.8125
 22 4  42282.7383
 22 5  23713.3418
 22 6  5343.26416
 22 7  163150.031
 22 8  47864.5586
 22 9  5822.95117
 22 10  4700.33008
 22 11  11747.584
 22 12  4984.66162
 22 13  4228.42529
 22 14  2664.09961
 22 15  7724.40283
 22 16  1409495.75
 22 17 -235944.531
 22 18  214167.906
 22 19  304256.562
 22 20  275741.812
 22 21  412562.75
 22 22  1052764.88
 22 23  228275.594
 22 24  66679.6406
 22 25  79156.0078
 22 26  66160.3516
 22 27  34850.9141
 22 28  16866.8066
 22 29  24437.0469
 22 30  31851.5195
 22 31  2516261.25
 22 32 -180810.734
 22 33  120172.977
 22 34  57569.0156
 22 35 -31343.3164
 22 36 -52971.9688
 22 37  408371.594
 22 38 -106714.109
 22 39 -60633.2578
 22 40  41457.7031
 22 41  3353.38184
 22 42  12580.0361
 22 43  11000.8457
 22 44  17762.0723
 22 45  17354.8945
 23 1  674715.688
 23 2  271231.156
 23 3  109960.133
 23 4  128830.531
 23 5  51418.3789
 23 6  566.046448
 23 7  34756.457
 23 8  85809.9062
 23 9  21333.1738
 23 10 -1231.15527
 23 11  334.522247
 23 12  4904.521
 23 13  3751.82056
 23 14  6757.36572
 23 15  1297.8407
 23 16  3356132.5
 23 17 -499675.906
 23 18  105095.023
 23 19  282179.219
 23 20  174523.547
 23 21  108336.055
 23 22  228275.594
 23 23  566854.062
 23 24  140393.391
 23 25  57323.1641
 23 26  28579.7285
 23 27  21848.6777
 23 28  15458.7637
 23 29  11086.5938
 23 30  15249.9482
 23 31  5968308.
 23 32  189722.891
 23 33  14817.5615
 23 34  79350.25
 23 35  61625.5781
 23 36 -72267.7578
 23 37  86679.9453
 23 38  165974.203
 23 39 -65565.2266
 23 40 -26218.9355
 23 41 -13243.9805
 23 42  3014.7854
 23 43  4163.87305
 23 44 -5911.604
 23 45 -905.012878
 24 1  507850.75
 24 2  52141.25
 24 3  20841.3262
 24 4  93082.3047
 24 5  32245.9082
 24 6  17483.4844
 24 7  27074.5
 24 8  23833.1016
 24 9  54967.7188
 24 10  7479.76123
 24 11  4213.9707
 24 12  8557.48535
 24 13  4821.79736
 24 14  7896.77832
 24 15  2747.45435
 24 16  2525240.75
 24 17  309011.469
 24 18  125152.078
 24 19  224784.031
 24 20  49989.4297
 24 21  96122.5625
 24 22  66679.6406
 24 23  140393.391
 24 24  390960.875
 24 25  93357.8984
 24 26  39910.0039
 24 27  21742.5273
 24 28  19296.7031
 24 29  11845.7969
 24 30  9576.88086
 24 31  4486518.5
 24 32  88769.2891
 24 33 -111384.617
 24 34 -246.96846
 24 35  65672.6797
 24 36 -34695.3203
 24 37 -17326.543
 24 38  26043.3027
 24 39  111175.469
 24 40 -28762.4141
 24 41 -13789.6982
 24 42  11836.3574
 24 43 -7215.34766
 24 44 -1168.88013
 24 45 -6888.78223
 25 1  241265.266
 25 2  221965.391
 25 3  125210.016
 25 4  136005.469
 25 5  37033.7188
 25 6  19146.4961
 25 7  33795.1914
 25 8  20359.3398
 25 9  12888.8848
 25 10  30526.4414
 25 11  10718.542
 25 12  12223.9766
 25 13  4998.13037
 25 14  5732.30029
 25 15  4938.25146
 25 16  1200329.38
 25 17 -71597.5859
 25 18  177673.391
 25 19  296043.625
 25 20  45664.3047
 25 21  73409.1328
 25 22  79156.0078
 25 23  57323.1641
 25 24  93357.8984
 25 25  265345.406
 25 26  70954.7109
 25 27  33922.0117
 25 28  15752.3506
 25 29  11214.7041
 25 30  12980.3623
 25 31  2136176.
 25 32  500836.75
 25 33  89738.4609
 25 34  108163.195
 25 35  1720.44299
 25 36 -45775.9141
 25 37  6840.36523
 25 38 -19541.5898
 25 39  7040.46484
 25 40  75503.1172
 25 41 -4549.28369
 25 42  10566.3018
 25 43 -2859.15479
 25 44 -2099.33911
 25 45  2425.91992
 26 1 -108084.391
 26 2  5056.521
 26 3  7364.40625
 26 4  74909.1953
 26 5 -798.149414
 26 6  21169.1445
 26 7  32840.9258
 26 8  13191.8223
 26 9  3996.07422
 26 10  3255.18408
 26 11  20760.0488
 26 12  10461.4883
 26 13  2347.07104
 26 14  3164.55542
 26 15  1320.07214
 26 16 -538361.25
 26 17  2363.29028
 26 18 -25350.9824
 26 19  251079.672
 26 20  8167.72412
 26 21  71257.4609
 26 22  66160.3516
 26 23  28579.7285
 26 24  39910.0039
 26 25  70954.7109
 26 26  178909.172
 26 27  50919.0508
 26 28  12549.624
 26 29  10939.4639
 26 30  4416.39307
 26 31 -960147.75
 26 32 -291015.
 26 33  26049.6797
 26 34  166648.25
 26 35 -17523.3594
 26 36  1973.09998
 26 37  23632.1875
 26 38 -23401.6309
 26 39 -543.109985
 26 40  4779.91943
 26 41  48365.5117
 26 42 -15145.4521
 26 43 -6891.75146
 26 44 -2118.57446
 26 45  4425.27734
 27 1  183312.797
 27 2  48598.6211
 27 3  3732.75098
 27 4  27909.2012
 27 5  21077.6504
 27 6  17337.1523
 27 7  17597.6074
 27 8  10751.8301
 27 9  3190.17944
 27 10  1918.87256
 27 11  6436.5166
 27 12  11026.3164
 27 13  1269.74707
 27 14  377.023224
 27 15  267.800201
 27 16  910539.062
 27 17  15591.5635
 27 18  12373.791
 27 19  91732.3281
 27 20  67165.1328
 27 21  31313.166
 27 22  34850.9141
 27 23  21848.6777
 27 24  21742.5273
 27 25  33922.0117
 27 26  50919.0508
 27 27  114630.445
 27 28  25600.3008
 27 29  13016.1943
 27 30  6798.02832
 27 31  1613874.62
 27 32 -286253.844
 27 33 -103226.695
 27 34  58369.5977
 27 35  45587.0508
 27 36 -1958.44043
 27 37  20401.5938
 27 38  7324.0249
 27 39 -2970.00586
 27 40  3765.01831
 27 41  21786.293
 27 42  30189.9492
 27 43 -1834.21753
 27 44 -1261.87939
 27 45  2500.72876
 28 1 -76644.3438
 28 2  5549.75537
 28 3  4523.13916
 28 4  20648.6504
 28 5  15729.084
 28 6 -1194.71716
 28 7  4745.646
 28 8  7855.0127
 28 9  2065.70459
 28 10  547.99176
 28 11  1727.91296
 28 12  5347.14355
 28 13  13123.0352
 28 14  4766.87061
 28 15  787.319458
 28 16 -380931.594
 28 17  107104.688
 28 18  149829.469
 28 19  92872.8516
 28 20  53726.418
 28 21  20077.7832
 28 22  16866.8066
 28 23  15458.7637
 28 24  19296.7031
 28 25  15752.3506
 28 26  12549.624
 28 27  25600.3008
 28 28  92269.2891
 28 29  19064.6465
 28 30  7302.36572
 28 31 -676168.688
 28 32  201415.688
 28 33 -82817.4219
 28 34 -27744.9609
 28 35  27060.2637
 28 36 -4012.30957
 28 37  1778.62256
 28 38  3877.90942
 28 39 -5863.44385
 28 40  8721.87598
 28 41  10771.2236
 28 42  8958.21387
 28 43  37529.207
 28 44 -5961.0957
 28 45 -5987.06982
 29 1  166597.234
 29 2  10753.2344
 29 3 -7983.10205
 29 4  19889.6152
 29 5  17044.6113
 29 6  4777.22021
 29 7  4271.74219
 29 8  4044.78394
 29 9  1430.32532
 29 10  2279.41235
 29 11  3007.7688
 29 12  1195.46704
 29 13  488.591003
 29 14  7709.96387
 29 15  1287.82422
 29 16  827611.
 29 17 -44085.543
 29 18  50309.082
 29 19  84086.1719
 29 20  9021.55957
 29 21  31734.8887
 29 22  24437.0469
 29 23  11086.5938
 29 24  11845.7969
 29 25  11214.7041
 29 26  10939.4639
 29 27  13016.1943
 29 28  19064.6465
 29 29  72187.4531
 29 30  16827.2109
 29 31  1467150.25
 29 32 -34102.3633
 29 33  25020.7637
 29 34  40608.8711
 29 35  29043.2676
 29 36  16302.502
 29 37  10697.499
 29 38 -5419.5752
 29 39 -19671.1113
 29 40  4699.12695
 29 41  3894.11255
 29 42  3320.5813
 29 43  6664.41309
 29 44  17391.7168
 29 45 -2240.14917
 30 1  26975.7363
 30 2 -18310.1172
 30 3 -44856.7109
 30 4  9561.12793
 30 5  5300.33203
 30 6  3631.40356
 30 7  4903.04492
 30 8  3495.54102
 30 9 -554.213928
 30 10  175.347626
 30 11 -1704.99695
 30 12  1271.57007
 30 13  599.948181
 30 14  2550.80371
 30 15  4961.6084
 30 16  134240.078
 30 17 -47308.1055
 30 18  46193.8125
 30 19  80382.
 30 20  14514.8682
 30 21  35650.6367
 30 22  31851.5195
 30 23  15249.9482
 30 24  9576.88086
 30 25  12980.3623
 30 26  4416.39307
 30 27  6798.02832
 30 28  7302.36572
 30 29  16827.2109
 30 30  50239.6289
 30 31  238605.922
 30 32 -134959.797
 30 33 -57423.2344
 30 34  33085.2227
 30 35  17175.7383
 30 36  12456.1377
 30 37 -1575.11072
 30 38 -6778.05371
 30 39 -6649.09229
 30 40  1483.54883
 30 41 -8896.06934
 30 42 -386.765076
 30 43  684.574097
 30 44  3266.39185
 30 45  13016.7295
 31 1  1.27341235E+09
 31 2  162656400.
 31 3  13587276.
 31 4  229552.828
 31 5  2824552.
 31 6  2086749.25
 31 7  484594.531
 31 8  1414232.88
 31 9  673219.188
 31 10  599687.875
 31 11  522732.344
 31 12  1136022.5
 31 13 -12333.0518
 31 14 -400040.156
 31 15 -309498.094
 31 16  6.33294182E+09
 31 17 -186089760.
 31 18 -34406528.
 31 19 -11508144.
 31 20  10535700.
 31 21  3451736.5
 31 22  2516261.25
 31 23  5968308.
 31 24  4486518.5
 31 25  2136176.
 31 26 -960147.75
 31 27  1613874.62
 31 28 -676168.688
 31 29  1467150.25
 31 30  238605.922
 31 31  1.12568965E+10
 31 32 -188158704.
 31 33  3468780.5
 31 34  44767972.
 31 35 -2068333.25
 31 36  4483429.
 31 37  506606.594
 31 38  1265281.75
 31 39 -4342814.
 31 40  3808574.75
 31 41  280858.719
 31 42  844163.188
 31 43 -1436868.5
 31 44  456199.562
 31 45 -473057.156
 32 1 -21187232.
 32 2  15001744.
 32 3  5905843.5
 32 4  471278.375
 32 5  417983.281
 32 6  281714.781
 32 7 -28989.7539
 32 8 -107745.602
 32 9 -220875.031
 32 10 -99538.4297
 32 11  59.7008018
 32 12 -34674.1992
 32 13  109831.055
 32 14 -45675.2188
 32 15 -54546.1641
 32 16 -105513904.
 32 17  15340264.
 32 18  6309256.
 32 19  582010.5
 32 20 -495363.562
 32 21 -125004.484
 32 22 -180810.734
 32 23  189722.891
 32 24  88769.2891
 32 25  500836.75
 32 26 -291015.
 32 27 -286253.844
 32 28  201415.688
 32 29 -34102.3633
 32 30 -134959.797
 32 31 -188158704.
 32 32  135138320.
 32 33 -3406168.
 32 34  1931918.75
 32 35  745720.188
 32 36  1073871.5
 32 37  1450723.75
 32 38  1056421.
 32 39  569118.5
 32 40  355544.062
 32 41 -306676.5
 32 42  218206.703
 32 43  101850.547
 32 44 -210357.625
 32 45 -133764.094
 33 1  404577.125
 33 2 -412666.469
 33 3  122909.289
 33 4 -105513.148
 33 5  166472.
 33 6 -120846.961
 33 7 -224693.938
 33 8 -155738.484
 33 9 -97016.3516
 33 10  5302.49414
 33 11 -47277.5312
 33 12 -34499.793
 33 13 -14207.8662
 33 14  3674.65845
 33 15 -14924.8447
 33 16  1993972.62
 33 17 -14022534.
 33 18 -4252157.
 33 19  1773769.25
 33 20 -398928.281
 33 21  95232.8984
 33 22  120172.977
 33 23  14817.5615
 33 24 -111384.617
 33 25  89738.4609
 33 26  26049.6797
 33 27 -103226.695
 33 28 -82817.4219
 33 29  25020.7637
 33 30 -57423.2344
 33 31  3468780.5
 33 32 -3406168.
 33 33  30504398.
 33 34  3044469.75
 33 35  586147.875
 33 36 -233289.328
 33 37 -131768.719
 33 38  301010.031
 33 39 -82986.1094
 33 40 -165257.281
 33 41 -75730.1094
 33 42 -62795.582
 33 43 -142674.766
 33 44 -24915.9023
 33 45 -55062.3242
 34 1  5083392.
 34 2  1702455.5
 34 3 -940565.812
 34 4 -119542.078
 34 5  180532.5
 34 6  49637.0117
 34 7  22513.9043
 34 8 -58497.1445
 34 9 -36489.1758
 34 10  8800.43945
 34 11 -6168.15332
 34 12  25765.1387
 34 13  1539.52051
 34 14  1273.62024
 34 15  9396.94238
 34 16  25252358.
 34 17 -1196917.12
 34 18 -4196826.
 34 19  3593104.25
 34 20  787351.312
 34 21  221158.25
 34 22  57569.0156
 34 23  79350.25
 34 24 -246.96846
 34 25  108163.195
 34 26  166648.25
 34 27  58369.5977
 34 28 -27744.9609
 34 29  40608.8711
 34 30  33085.2227
 34 31  44767972.
 34 32  1931918.75
 34 33  3044469.75
 34 34  14048494.
 34 35  1172197.88
 34 36  208287.688
 34 37  71640.3281
 34 38 -27501.4922
 34 39  48566.5664
 34 40  32646.5781
 34 41  48130.168
 34 42 -143833.078
 34 43 -120988.461
 34 44 -32841.8125
 34 45 -11382.9775
 35 1 -211616.047
 35 2  158008.047
 35 3  129272.18
 35 4 -192686.109
 35 5  324595.406
 35 6 -20876.3848
 35 7 -57972.8359
 35 8  37116.3008
 35 9 -28688.0801
 35 10 -26108.875
 35 11 -5254.81641
 35 12 -5681.22168
 35 13 -24390.8242
 35 14 -26040.1621
 35 15  4145.35791
 35 16 -1085588.25
 35 17  209631.812
 35 18 -555017.562
 35 19 -818718.25
 35 20  994617.062
 35 21 -24268.4336
 35 22 -31343.3164
 35 23  61625.5781
 35 24  65672.6797
 35 25  1720.44299
 35 26 -17523.3594
 35 27  45587.0508
 35 28  27060.2637
 35 29  29043.2676
 35 30  17175.7383
 35 31 -2068333.25
 35 32  745720.188
 35 33  586147.875
 35 34  1172197.88
 35 35  5210512.5
 35 36  697464.188
 35 37  28228.8242
 35 38  43281.7344
 35 39  69983.7734
 35 40 -10899.7139
 35 41 -57030.7344
 35 42  58498.8906
 35 43 -5353.94873
 35 44  25441.8379
 35 45  2744.85156
 36 1  511613.
 36 2  369366.844
 36 3  318308.719
 36 4  124548.047
 36 5  18918.4609
 36 6  140694.5
 36 7  16089.6084
 36 8 -12472.9805
 36 9  4317.74951
 36 10 -12326.0605
 36 11  9505.09668
 36 12  10140.1602
 36 13 -8649.83398
 36 14 -8099.729
 36 15  4858.30762
 36 16  2537803.
 36 17  956837.312
 36 18  353739.188
 36 19 -97060.6094
 36 20 -403625.812
 36 21  377802.625
 36 22 -52971.9688
 36 23 -72267.7578
 36 24 -34695.3203
 36 25 -45775.9141
 36 26  1973.09998
 36 27 -1958.44043
 36 28 -4012.30957
 36 29  16302.502
 36 30  12456.1377
 36 31  4483429.
 36 32  1073871.5
 36 33 -233289.328
 36 34  208287.688
 36 35  697464.188
 36 36  2683126.25
 36 37  335101.906
 36 38  116550.805
 36 39 -3788.30713
 36 40 -10205.415
 36 41  4745.4043
 36 42  23383.0039
 36 43  53138.1367
 36 44  37088.2695
 36 45  12010.5664
 37 1  60324.4727
 37 2  168993.109
 37 3  57330.1641
 37 4  13228.1172
 37 5 -28899.707
 37 6 -50675.6836
 37 7  101280.617
 37 8  2906.4707
 37 9 -7932.21533
 37 10 -3459.06421
 37 11  7409.51758
 37 12 -2555.54565
 37 13  4631.36182
 37 14 -3277.41309
 37 15 -799.673157
 37 16  295565.031
 37 17  296375.938
 37 18 -165561.219
 37 19 -168150.688
 37 20 -425450.688
 37 21 -267119.281
 37 22  408371.594
 37 23  86679.9453
 37 24 -17326.543
 37 25  6840.36523
 37 26  23632.1875
 37 27  20401.5938
 37 28  1778.62256
 37 29  10697.499
 37 30 -1575.11072
 37 31  506606.594
 37 32  1450723.75
 37 33 -131768.719
 37 34  71640.3281
 37 35  28228.8242
 37 36  335101.906
 37 37  1594026.25
 37 38  313603.344
 37 39  54899.2891
 37 40  84305.8438
 37 41  24265.5762
 37 42  32138.3047
 37 43  26011.3066
 37 44  10711.9355
 37 45 -4939.79053
 38 1  143744.125
 38 2  254375.078
 38 3  138705.047
 38 4  36193.3789
 38 5 -18605.7207
 38 6 -24833.752
 38 7 -34023.8164
 38 8  6611.24707
 38 9  2908.74243
 38 10  9.98234653
 38 11 -11098.7861
 38 12 -1243.8667
 38 13 -6892.35059
 38 14 -1924.00317
 38 15 -6973.15771
 38 16  713971.5
 38 17 -304319.656
 38 18  392237.562
 38 19 -60613.7344
 38 20 -96189.2891
 38 21 -238189.625
 38 22 -106714.109
 38 23  165974.203
 38 24  26043.3027
 38 25 -19541.5898
 38 26 -23401.6309
 38 27  7324.0249
 38 28  3877.90942
 38 29 -5419.5752
 38 30 -6778.05371
 38 31  1265281.75
 38 32  1056421.
 38 33  301010.031
 38 34 -27501.4922
 38 35  43281.7344
 38 36  116550.805
 38 37  313603.344
 38 38  926299.438
 38 39  171090.156
 38 40  71389.875
 38 41  20415.9102
 38 42  20836.3164
 38 43  9322.17676
 38 44  1153.25281
 38 45 -19926.0059
 39 1 -492023.281
 39 2  31369.8027
 39 3 -35710.4297
 39 4 -26085.0879
 39 5 -54598.8633
 39 6 -30714.2812
 39 7 -9721.61035
 39 8 -26601.8906
 39 9  4630.25928
 39 10 -2504.68823
 39 11 -3176.00171
 39 12 -1596.10376
 39 13 -3905.97437
 39 14 -2318.88965
 39 15 -3575.23657
 39 16 -2445818.
 39 17 -211743.172
 39 18  128436.586
 39 19 -20160.0391
 39 20 -134279.406
 39 21 -113969.289
 39 22 -60633.2578
 39 23 -65565.2266
 39 24  111175.469
 39 25  7040.46484
 39 26 -543.109985
 39 27 -2970.00586
 39 28 -5863.44385
 39 29 -19671.1113
 39 30 -6649.09229
 39 31 -4342814.
 39 32  569118.5
 39 33 -82986.1094
 39 34  48566.5664
 39 35  69983.7734
 39 36 -3788.30713
 39 37  54899.2891
 39 38  171090.156
 39 39  553187.438
 39 40  107753.023
 39 41  32870.4609
 39 42  19066.1191
 39 43  3533.71606
 39 44  14813.3779
 39 45  10339.3008
 40 1  430097.
 40 2  34321.9609
 40 3  83429.8047
 40 4  23312.6855
 40 5  1427.78967
 40 6  20507.6035
 40 7  22225.3379
 40 8  6132.33789
 40 9 -9287.65234
 40 10  11144.0068
 40 11  1150.71045
 40 12  200.704575
 40 13  574.509399
 40 14 -2561.4563
 40 15 -3750.10596
 40 16  2140059.5
 40 17 -42217.0352
 40 18  234247.828
 40 19  42038.2461
 40 20 -43747.5664
 40 21  36587.1445
 40 22  41457.7031
 40 23 -26218.9355
 40 24 -28762.4141
 40 25  75503.1172
 40 26  4779.91943
 40 27  3765.01831
 40 28  8721.87598
 40 29  4699.12695
 40 30  1483.54883
 40 31  3808574.75
 40 32  355544.062
 40 33 -165257.281
 40 34  32646.5781
 40 35 -10899.7139
 40 36 -10205.415
 40 37  84305.8438
 40 38  71389.875
 40 39  107753.023
 40 40  394460.719
 40 41  80883.3828
 40 42  38501.3438
 40 43  20405.793
 40 44  1810.58752
 40 45 -4669.17627
 41 1  31065.2461
 41 2  20722.3594
 41 3  52556.25
 41 4  25708.8223
 41 5  7587.10156
 41 6  659.478149
 41 7  13979.0752
 41 8  10391.9648
 41 9 -2318.88037
 41 10 -4463.64258
 41 11  6005.60742
 41 12  3839.38135
 41 13  1800.8772
 41 14  1145.88147
 41 15 -2624.67432
 41 16  155545.266
 41 17  184693.484
 41 18  131157.578
 41 19  45336.9414
 41 20 -40956.0586
 41 21 -154.631149
 41 22  3353.38184
 41 23 -13243.9805
 41 24 -13789.6982
 41 25 -4549.28369
 41 26  48365.5117
 41 27  21786.293
 41 28  10771.2236
 41 29  3894.11255
 41 30 -8896.06934
 41 31  280858.719
 41 32 -306676.5
 41 33 -75730.1094
 41 34  48130.168
 41 35 -57030.7344
 41 36  4745.4043
 41 37  24265.5762
 41 38  20415.9102
 41 39  32870.4609
 41 40  80883.3828
 41 41  273681.625
 41 42  60455.6445
 41 43  17213.2305
 41 44  11774.2334
 41 45  6157.67725
 42 1  95482.0078
 42 2  82167.6016
 42 3  27415.1406
 42 4  10903.9873
 42 5  15223.3809
 42 6  4418.10938
 42 7  7818.47021
 42 8  4315.43604
 42 9 -4548.56836
 42 10 -1109.08765
 42 11 -823.291321
 42 12  5315.75879
 42 13  1617.42102
 42 14  171.601822
 42 15 -1402.68347
 42 16  474875.875
 42 17  19200.4473
 42 18  170062.672
 42 19  19260.5645
 42 20  77692.8359
 42 21  3595.47119
 42 22  12580.0361
 42 23  3014.7854
 42 24  11836.3574
 42 25  10566.3018
 42 26 -15145.4521
 42 27  30189.9492
 42 28  8958.21387
 42 29  3320.5813
 42 30 -386.765076
 42 31  844163.188
 42 32  218206.703
 42 33 -62795.582
 42 34 -143833.078
 42 35  58498.8906
 42 36  23383.0039
 42 37  32138.3047
 42 38  20836.3164
 42 39  19066.1191
 42 40  38501.3438
 42 41  60455.6445
 42 42  189449.344
 42 43  52959.2422
 42 44  12177.4248
 42 45  2889.30615
 43 1 -163251.219
 43 2  75861.0391
 43 3 -1979.13977
 43 4  31705.4082
 43 5 -1453.26868
 43 6 -9818.00098
 43 7  4576.8125
 43 8  4102.5752
 43 9 -1819.72241
 43 10 -547.986938
 43 11 -2532.81641
 43 12 -1524.5564
 43 13  6115.25342
 43 14  1721.04028
 43 15  242.699677
 43 16 -810831.
 43 17  156885.375
 43 18  134068.188
 43 19  35221.4414
 43 20  21850.1523
 43 21  12399.6357
 43 22  11000.8457
 43 23  4163.87305
 43 24 -7215.34766
 43 25 -2859.15479
 43 26 -6891.75146
 43 27 -1834.21753
 43 28  37529.207
 43 29  6664.41309
 43 30  684.574097
 43 31 -1436868.5
 43 32  101850.547
 43 33 -142674.766
 43 34 -120988.461
 43 35 -5353.94873
 43 36  53138.1367
 43 37  26011.3066
 43 38  9322.17676
 43 39  3533.71606
 43 40  20405.793
 43 41  17213.2305
 43 42  52959.2422
 43 43  163123.438
 43 44  35952.0156
 43 45  3004.42188
 44 1  51679.5977
 44 2  9920.06445
 44 3  19427.3516
 44 4  45596.9648
 44 5  5049.22021
 44 6 -2324.64844
 44 7  4886.71484
 44 8  1245.36609
 44 9  2741.00879
 44 10 -180.26796
 44 11  1553.09741
 44 12  1192.07629
 44 13 -204.202744
 44 14  4559.41748
 44 15  2182.07739
 44 16  256917.766
 44 17  16684.4668
 44 18  74508.0391
 44 19  82964.2031
 44 20 -25712.8496
 44 21  10555.4717
 44 22  17762.0723
 44 23 -5911.604
 44 24 -1168.88013
 44 25 -2099.33911
 44 26 -2118.57446
 44 27 -1261.87939
 44 28 -5961.0957
 44 29  17391.7168
 44 30  3266.39185
 44 31  456199.562
 44 32 -210357.625
 44 33 -24915.9023
 44 34 -32841.8125
 44 35  25441.8379
 44 36  37088.2695
 44 37  10711.9355
 44 38  1153.25281
 44 39  14813.3779
 44 40  1810.58752
 44 41  11774.2334
 44 42  12177.4248
 44 43  35952.0156
 44 44  118099.523
 44 45  22888.5605
 45 1 -53868.2695
 45 2  35735.3008
 45 3 -1380.03662
 45 4  16865.3711
 45 5  8119.98047
 45 6  2853.22021
 45 7  4931.41406
 45 8  2459.17822
 45 9 -742.345825
 45 10 -931.539307
 45 11 -34.7248878
 45 12  1679.50916
 45 13  288.975525
 45 14  122.288429
 45 15  4552.55859
 45 16 -267368.188
 45 17  78777.0625
 45 18  12037.2764
 45 19  94745.125
 45 20  23187.207
 45 21  10612.7168
 45 22  17354.8945
 45 23 -905.012878
 45 24 -6888.78223
 45 25  2425.91992
 45 26  4425.27734
 45 27  2500.72876
 45 28 -5987.06982
 45 29 -2240.14917
 45 30  13016.7295
 45 31 -473057.156
 45 32 -133764.094
 45 33 -55062.3242
 45 34 -11382.9775
 45 35  2744.85156
 45 36  12010.5664
 45 37 -4939.79053
 45 38 -19926.0059
 45 39  10339.3008
 45 40 -4669.17627
 45 41  6157.67725
 45 42  2889.30615
 45 43  3004.42188
 45 44  22888.5605
 45 45  86195.8125