0 0 1.6216e+08
0 1 4.61997e+07
0 2 1.74343e+06
0 3 1.71132e+06
0 4 1.77335e+06
0 5 -1.05957e+06
0 6 -1.97899e+06
0 7 -451320
0 8 -703749
0 9 343366
0 10 -512547
0 11 -72963.3
0 12 303225
0 13 246840
0 14 639219
0 15 538954
0 16 531650
0 17 184446
0 18 78649.3
0 19 151844
0 20 -55184.7
0 21 160590
0 22 89700.6
0 23 250741
0 24 100523
0 25 225868
0 26 165129
0 27 -8626.54
0 28 124798
0 29 44055.1
0 30 37515.9
0 31 113408
0 32 138780
0 33 70340.6
0 34 113115
0 35 80074.8
0 36 -65725.5
0 37 95594.9
0 38 4.2896e+07
0 39 5.04682e+07
0 40 747770
0 41 -4.98452e+06
0 42 -232554
0 43 2.76204e+06
0 44 -1.22066e+06
0 45 -2.74058e+06
0 46 -781460
0 47 -1.99232e+06
0 48 -1.50189e+06
0 49 -312148
0 50 -512674
0 51 -72629.3
0 52 624387
0 53 1.13573e+06
0 54 1.45352e+06
0 55 200884
0 56 125833
0 57 233197
0 58 482799
0 59 260861
0 60 41016.3
0 61 330999
0 62 213351
0 63 179600
0 64 -67813.1
0 65 -317287
0 66 -231186
0 67 51847.4
0 68 -213708
0 69 -98384.9
0 70 -4005.96
0 71 -123898
0 72 -192184
0 73 -137810
0 74 -55189.3
0 75 -94949.4
1 0 4.61997e+07
1 1 8.88449e+07
1 2 2.36916e+07
1 3 3.99037e+06
1 4 1.91316e+06
1 5 -647727
1 6 -974244
1 7 326509
1 8 -93685.7
1 9 1.04191e+06
1 10 319624
1 11 398211
1 12 190575
1 13 -264624
1 14 379821
1 15 358482
1 16 298478
1 17 153849
1 18 204743
1 19 221776
1 20 228151
1 21 104235
1 22 5018.73
1 23 46837.6
1 24 -62924.5
1 25 101831
1 26 89483.4
1 27 50766.5
1 28 40309.5
1 29 -35521.7
1 30 -27893.9
1 31 86892.7
1 32 107845
1 33 -18165.4
1 34 -68700.9
1 35 34487.2
1 36 17253
1 37 16711.5
1 38 2.08818e+07
1 39 2.81869e+07
1 40 2.76008e+07
1 41 555581
1 42 -1.11573e+06
1 43 -726721
1 44 -1.23535e+06
1 45 -1.66317e+06
1 46 -822248
1 47 -327828
1 48 257944
1 49 -387868
1 50 -23223.7
1 51 2508.33
1 52 725240
1 53 847834
1 54 796828
1 55 938125
1 56 293116
1 57 205279
1 58 448264
1 59 322687
1 60 -17040
1 61 140096
1 62 264772
1 63 -35304.4
1 64 135319
1 65 178912
1 66 -9324.41
1 67 76170.8
1 68 79418
1 69 -5041.59
1 70 76022.8
1 71 -8925.59
1 72 -179082
1 73 89820.1
1 74 134801
1 75 96533
2 0 1.74343e+06
2 1 2.36916e+07
2 2 4.54135e+07
2 3 1.33862e+07
2 4 2.52834e+06
2 5 680319
2 6 -588623
2 7 -385102
2 8 204462
2 9 388711
2 10 26372.4
2 11 395628
2 12 350962
2 13 -127517
2 14 59389.6
2 15 198148
2 16 221658
2 17 206286
2 18 170851
2 19 136384
2 20 -24837.6
2 21 -22790
2 22 -27126.6
2 23 2351.01
2 24 61950.8
2 25 -23293.5
2 26 94792
2 27 95092.2
2 28 61912.1
2 29 21662.9
2 30 -39536.6
2 31 282.311
2 32 -2419.41
2 33 -9099.65
2 34 -47673.9
2 35 68979.2
2 36 39000.8
2 37 7599.1
2 38 7.91247e+06
2 39 1.66744e+07
2 40 1.42459e+07
2 41 1.17404e+07
2 42 1.41363e+06
2 43 2.17632e+06
2 44 348644
2 45 122809
2 46 1.0541e+06
2 47 -647404
2 48 -327124
2 49 321875
2 50 234532
2 51 60512.2
2 52 -19202
2 53 286700
2 54 263331
2 55 545366
2 56 -43980.4
2 57 -280726
2 58 150142
2 59 299941
2 60 -161831
2 61 -154857
2 62 128297
2 63 -81744.1
2 64 -73865
2 65 116780
2 66 1395.42
2 67 33693.5
2 68 1135.68
2 69 -230640
2 70 -104476
2 71 92672.7
2 72 149541
2 73 138907
2 74 225249
2 75 100965
3 0 1.71132e+06
3 1 3.99037e+06
3 2 1.33862e+07
3 3 2.62053e+07
3 4 8.06925e+06
3 5 457945
3 6 165102
3 7 489440
3 8 461710
3 9 293646
3 10 298542
3 11 29656.7
3 12 -69497
3 13 -173549
3 14 100592
3 15 -14301.7
3 16 87125.6
3 17 168529
3 18 120107
3 19 94532.3
3 20 28241.9
3 21 15071.7
3 22 -116456
3 23 1195.88
3 24 108511
3 25 59158.9
3 26 89540.6
3 27 45958.7
3 28 64558.2
3 29 13849.7
3 30 -24463.7
3 31 -10732.4
3 32 -23571.2
3 33 13127.2
3 34 -4973.97
3 35 39533
3 36 -7762.23
3 37 -14815.6
3 38 1.79797e+06
3 39 1.80764e+06
3 40 1.00458e+07
3 41 1.16199e+07
3 42 6.97945e+06
3 43 2.49839e+06
3 44 1.52649e+06
3 45 903653
3 46 1.03866e+06
3 47 -378353
3 48 -475276
3 49 -159414
3 50 -165154
3 51 -496553
3 52 -341283
3 53 -110276
3 54 280795
3 55 615690
3 56 353967
3 57 -88991.7
3 58 62736.1
3 59 109026
3 60 -108620
3 61 -47870.1
3 62 87533.1
3 63 -130177
3 64 -47802
3 65 47468.2
3 66 -22901.3
3 67 52000.6
3 68 122414
3 69 64333
3 70 -41431.6
3 71 -20419.1
3 72 24831.3
3 73 -16945
3 74 57690.7
3 75 50408.2
4 0 1.77335e+06
4 1 1.91316e+06
4 2 2.52834e+06
4 3 8.06925e+06
4 4 1.63391e+07
4 5 4.56619e+06
4 6 317045
4 7 353817
4 8 -44757.1
4 9 8817.33
4 10 -149364
4 11 189218
4 12 -34061.3
4 13 -9678.43
4 14 80513.2
4 15 -40571.1
4 16 105089
4 17 57517.2
4 18 -15790.2
4 19 20558.5
4 20 -14714.2
4 21 5753.9
4 22 -22570.3
4 23 -10677.4
4 24 -48968.3
4 25 24187.7
4 26 25851.6
4 27 48755.5
4 28 24477.5
4 29 53361.8
4 30 37574.3
4 31 37925.3
4 32 -7755.73
4 33 -2690.4
4 34 -5570.11
4 35 15988.3
4 36 -24522.3
4 37 -11809.2
4 38 661374
4 39 5.33157e+06
4 40 4.73874e+06
4 41 6.78267e+06
4 42 6.1452e+06
4 43 5.69456e+06
4 44 1.79846e+06
4 45 484445
4 46 675689
4 47 -784690
4 48 -434116
4 49 -278199
4 50 171603
4 51 -103527
4 52 -170861
4 53 158334
4 54 282689
4 55 480925
4 56 306563
4 57 40060.6
4 58 79960.7
4 59 111677
4 60 39026.4
4 61 -68808.5
4 62 -45618.1
4 63 52187
4 64 125014
4 65 -46913.4
4 66 103652
4 67 151818
4 68 150307
4 69 89107
4 70 16741.5
4 71 -45279
4 72 50245.6
4 73 -30315.2
4 74 14089
4 75 -1337.99
5 0 -1.05957e+06
5 1 -647727
5 2 680319
5 3 457945
5 4 4.56619e+06
5 5 9.32008e+06
5 6 2.66526e+06
5 7 193080
5 8 118941
5 9 117283
5 10 -16106.3
5 11 146044
5 12 141812
5 13 20261.2
5 14 -19826.7
5 15 9908.93
5 16 70738.5
5 17 104845
5 18 37890.5
5 19 -45551
5 20 -37459.6
5 21 -39135
5 22 39922.7
5 23 -5608.81
5 24 -35732.8
5 25 19309.5
5 26 -7141.64
5 27 -6885.76
5 28 10780.4
5 29 10775.1
5 30 34581.3
5 31 9392.9
5 32 -19317.4
5 33 9715.1
5 34 17134
5 35 8485.58
5 36 -17845.4
5 37 -2985.95
5 38 -423234
5 39 4.09736e+06
5 40 3.92615e+06
5 41 2.02226e+06
5 42 3.93198e+06
5 43 4.98913e+06
5 44 3.12383e+06
5 45 -62775.1
5 46 -2742.66
5 47 -476775
5 48 -381682
5 49 390275
5 50 483405
5 51 63211.1
5 52 303600
5 53 178878
5 54 226187
5 55 331707
5 56 184095
5 57 12026.8
5 58 -2008.72
5 59 18218.3
5 60 18013.5
5 61 79928.7
5 62 53300
5 63 49305.8
5 64 136898
5 65 33600.6
5 66 48444.9
5 67 4737.28
5 68 55549.8
5 69 42397.7
5 70 11602.2
5 71 1535.19
5 72 42536.6
5 73 -9672.22
5 74 -58151.3
5 75 -62154.7
6 0 -1.97899e+06
6 1 -974244
6 2 -588623
6 3 165102
6 4 317045
6 5 2.66526e+06
6 6 5.58782e+06
6 7 1.68446e+06
6 8 438739
6 9 141216
6 10 116724
6 11 30983.3
6 12 -80557.3
6 13 10402
6 14 55248.4
6 15 44097.2
6 16 -14605.7
6 17 50685.9
6 18 73613
6 19 31876.4
6 20 54753.2
6 21 18446.2
6 22 30643.2
6 23 18061
6 24 7981.9
6 25 13766.2
6 26 -25077.9
6 27 -10589.1
6 28 -4990.49
6 29 -13934.6
6 30 14920.5
6 31 10673.4
6 32 -11039.5
6 33 -583.878
6 34 -4937.34
6 35 12997.6
6 36 16142.4
6 37 25.7667
6 38 -2.2699e+06
6 39 -3.50949e+06
6 40 -239488
6 41 -116999
6 42 -294962
6 43 2.05172e+06
6 44 2.39824e+06
6 45 1.64207e+06
6 46 -171246
6 47 -572091
6 48 -335061
6 49 -32164.4
6 50 116644
6 51 -73882.1
6 52 234003
6 53 41545.8
6 54 13574.7
6 55 181854
6 56 94656.2
6 57 64738.1
6 58 98348.7
6 59 166751
6 60 129816
6 61 23068.2
6 62 24299.6
6 63 -42127.6
6 64 -19966
6 65 -70148
6 66 -7040.99
6 67 -8934.05
6 68 -3384.52
6 69 26608.4
6 70 -5345.25
6 71 -14996.7
6 72 -16080.9
6 73 -9609.67
6 74 10975.4
6 75 10190.2
7 0 -451320
7 1 326509
7 2 -385102
7 3 489440
7 4 353817
7 5 193080
7 6 1.68446e+06
7 7 4.03318e+06
7 8 1.28437e+06
7 9 128552
7 10 -18818.6
7 11 -30535.7
7 12 -33304.6
7 13 -6713.29
7 14 -547.126
7 15 -29572.8
7 16 -39600.7
7 17 4557.84
7 18 9822.47
7 19 -5351.56
7 20 12554.4
7 21 63127.4
7 22 55362.6
7 23 11508
7 24 -26364.8
7 25 9294.48
7 26 14649.9
7 27 4727.94
7 28 12040.7
7 29 -3641.71
7 30 23342.2
7 31 13090
7 32 -10813.2
7 33 -7639.08
7 34 -3270.12
7 35 7324.26
7 36 11328
7 37 8053.56
7 38 -262854
7 39 -54087.7
7 40 475794
7 41 346975
7 42 449629
7 43 503592
7 44 1.95899e+06
7 45 2.13417e+06
7 46 1.45719e+06
7 47 197509
7 48 154330
7 49 -165931
7 50 15730.8
7 51 77320.3
7 52 115434
7 53 120683
7 54 257793
7 55 150209
7 56 -5192.5
7 57 -20458.1
7 58 106778
7 59 102378
7 60 54588.7
7 61 -11087.3
7 62 -4179.85
7 63 -58595.3
7 64 -57544.8
7 65 -39704.5
7 66 -32406.6
7 67 -20512.5
7 68 -21471.7
7 69 36540
7 70 12903.8
7 71 5613.23
7 72 -35460.7
7 73 -28664
7 74 36206.5
7 75 32739.6
8 0 -703749
8 1 -93685.7
8 2 204462
8 3 461710
8 4 -44757.1
8 5 118941
8 6 438739
8 7 1.28437e+06
8 8 2.89595e+06
8 9 873662
8 10 94999
8 11 11939.4
8 12 7859.77
8 13 -76876.5
8 14 16375.8
8 15 50304.7
8 16 32998.4
8 17 37465.7
8 18 10663.9
8 19 6265.85
8 20 635.758
8 21 30223.9
8 22 21080.5
8 23 -8994.79
8 24 13986.1
8 25 10780.7
8 26 13671.2
8 27 2093.21
8 28 5410.04
8 29 -5182.79
8 30 7756.78
8 31 2855.49
8 32 -8348.24
8 33 5713.3
8 34 6088.9
8 35 8830.36
8 36 9685.75
8 37 6232.54
8 38 583258
8 39 1.37911e+06
8 40 147425
8 41 249656
8 42 966028
8 43 1.09794e+06
8 44 840960
8 45 1.76173e+06
8 46 1.59975e+06
8 47 1.10564e+06
8 48 -62546
8 49 -18679.7
8 50 103645
8 51 87636.9
8 52 166653
8 53 84794.4
8 54 -6473.09
8 55 9083.1
8 56 76890.6
8 57 31538.4
8 58 7978.02
8 59 10898.3
8 60 -1517.86
8 61 -13827.8
8 62 -42289.5
8 63 -67934.1
8 64 -40599.8
8 65 -35419.1
8 66 -2230.74
8 67 -7917.95
8 68 -27952.5
8 69 3464.7
8 70 9593.71
8 71 20.0475
8 72 -3305.78
8 73 -954.307
8 74 -1777.47
8 75 22438.2
9 0 343366
9 1 1.04191e+06
9 2 388711
9 3 293646
9 4 8817.33
9 5 117283
9 6 141216
9 7 128552
9 8 873662
9 9 2.21605e+06
9 10 714776
9 11 83369.1
9 12 57336.3
9 13 -28199
9 14 7480.52
9 15 4010.02
9 16 6915.75
9 17 14062.3
9 18 36091.3
9 19 29423.7
9 20 13972.5
9 21 39318.2
9 22 51067.7
9 23 27759.6
9 24 19963.2
9 25 15297.5
9 26 9715.02
9 27 2362.64
9 28 -1367.49
9 29 10296.9
9 30 10996.2
9 31 -2161.32
9 32 6921.89
9 33 7248.48
9 34 6746.18
9 35 11058.9
9 36 3273.86
9 37 -3835.23
9 38 -1.0136e+06
9 39 -55320.3
9 40 787587
9 41 223853
9 42 233465
9 43 430746
9 44 217930
9 45 246461
9 46 1.01051e+06
9 47 1.04676e+06
9 48 743935
9 49 196512
9 50 115684
9 51 7520.86
9 52 109297
9 53 161337
9 54 147676
9 55 120707
9 56 20444.1
9 57 -47498.5
9 58 -63645.8
9 59 -42016.9
9 60 -24868.8
9 61 -29644.9
9 62 4023.56
9 63 -21050.6
9 64 -37510.2
9 65 -17184.5
9 66 -19736.3
9 67 -18294.4
9 68 3881.61
9 69 19285.4
9 70 -12741.9
9 71 3736.09
9 72 11438.7
9 73 -1333.5
9 74 -8319.98
9 75 -10305.8
10 0 -512547
10 1 319624
10 2 26372.4
10 3 298542
10 4 -149364
10 5 -16106.3
10 6 116724
10 7 -18818.6
10 8 94999
10 9 714776
10 10 1.49587e+06
10 11 449972
10 12 137507
10 13 38960.9
10 14 -26692.8
10 15 -14256.1
10 16 8322.29
10 17 -21268.5
10 18 2998.72
10 19 16384.5
10 20 6721.17
10 21 4961.75
10 22 18492.7
10 23 23190.9
10 24 31389.8
10 25 16630.3
10 26 17704.5
10 27 12359.7
10 28 5565.77
10 29 1931.22
10 30 7949.7
10 31 -3687.01
10 32 11903.3
10 33 8650.69
10 34 194.144
10 35 8052.27
10 36 7334.74
10 37 -3709.28
10 38 -1.76028e+06
10 39 -1.1418e+06
10 40 139876
10 41 195571
10 42 -301043
10 43 -84556.4
10 44 112952
10 45 162399
10 46 102914
10 47 577684
10 48 800146
10 49 549314
10 50 127561
10 51 18525.3
10 52 -93456.8
10 53 -11974.1
10 54 -29617.4
10 55 51420.3
10 56 44138.3
10 57 -20433.3
10 58 885.297
10 59 41348.9
10 60 1906.99
10 61 7776.72
10 62 6282.45
10 63 12881.2
10 64 -12132.9
10 65 -1290.85
10 66 -11756
10 67 -19213.7
10 68 -17766.8
10 69 23545.8
10 70 6102.83
10 71 11127
10 72 -7178.42
10 73 7614.64
10 74 5630.91
10 75 -11780
11 0 -72963.3
11 1 398211
11 2 395628
11 3 29656.7
11 4 189218
11 5 146044
11 6 30983.3
11 7 -30535.7
11 8 11939.4
11 9 83369.1
11 10 449972
11 11 1.18615e+06
11 12 368370
11 13 104302
11 14 25582
11 15 7640.04
11 16 10633.3
11 17 11560.9
11 18 6464.09
11 19 30285.1
11 20 25695.8
11 21 10071.5
11 22 13577.3
11 23 1481.67
11 24 11953.5
11 25 3041.27
11 26 21618.5
11 27 21089.2
11 28 17767.7
11 29 16214.7
11 30 14518.6
11 31 5476.41
11 32 12803.7
11 33 8235.62
11 34 485.421
11 35 10704.4
11 36 7745.34
11 37 25.7665
11 38 -597462
11 39 -357620
11 40 -436921
11 41 148104
11 42 159063
11 43 222238
11 44 17593.7
11 45 17068.5
11 46 -87023.5
11 47 -204551
11 48 159083
11 49 285540
11 50 306451
11 51 12887.4
11 52 166.735
11 53 -7166.66
11 54 -30304.9
11 55 22673
11 56 50381.2
11 57 25196.4
11 58 16266.3
11 59 20669
11 60 -5095.7
11 61 -10916.5
11 62 -21334.5
11 63 24252.9
11 64 16299.3
11 65 -20769.2
11 66 -2071.59
11 67 -5952.93
11 68 -9993.47
11 69 -4781.41
11 70 17770.9
11 71 15249.3
11 72 -2173.46
11 73 1041.09
11 74 13442.4
11 75 8124.02
12 0 303225
12 1 190575
12 2 350962
12 3 -69497
12 4 -34061.3
12 5 141812
12 6 -80557.3
12 7 -33304.6
12 8 7859.77
12 9 57336.3
12 10 137507
12 11 368370
12 12 880893
12 13 341448
12 14 33605.8
12 15 13374
12 16 31732.6
12 17 12456.1
12 18 25870.6
12 19 8529.84
12 20 16191.9
12 21 19391.4
12 22 7216.35
12 23 4084.59
12 24 15951.2
12 25 20284.2
12 26 19657.3
12 27 13092.8
12 28 17635
12 29 5292.97
12 30 6315.42
12 31 -4218.64
12 32 3420.32
12 33 5264.91
12 34 2393.89
12 35 5701.71
12 36 4481.02
12 37 3945.77
12 38 1.16247e+06
12 39 900635
12 40 -170536
12 41 -488489
12 42 -88655.3
12 43 44849.6
12 44 -26959.4
12 45 162003
12 46 -37558.9
12 47 672.05
12 48 -6837.1
12 49 242489
12 50 290106
12 51 250104
12 52 -9776.43
12 53 37775.9
12 54 65220.8
12 55 12620.2
12 56 -4792.23
12 57 8074.53
12 58 -7068.06
12 59 3007.11
12 60 -19639.9
12 61 -31823.1
12 62 -33475.8
12 63 19670.3
12 64 24967.7
12 65 -1471.17
12 66 -20683.5
12 67 -27402.7
12 68 -13192.3
12 69 -16829
12 70 -15811.2
12 71 11477.7
12 72 2623.35
12 73 -4374.79
12 74 1130.45
12 75 2397.37
13 0 246840
13 1 -264624
13 2 -127517
13 3 -173549
13 4 -9678.43
13 5 20261.2
13 6 10402
13 7 -6713.29
13 8 -76876.5
13 9 -28199
13 10 38960.9
13 11 104302
13 12 341448
13 13 774543
13 14 221402
13 15 -179.946
13 16 1488.76
13 17 -814.137
13 18 26320.7
13 19 18818.6
13 20 7107.07
13 21 13333.7
13 22 12842.3
13 23 13456.9
13 24 22656.1
13 25 22755.6
13 26 21184.9
13 27 7668.49
13 28 8209.23
13 29 1524.39
13 30 3372.67
13 31 -3681.72
13 32 3430.7
13 33 6766.29
13 34 -770.071
13 35 2653.83
13 36 4959.01
13 37 2913.07
13 38 958873
13 39 460052
13 40 -241569
13 41 -137302
13 42 252617
13 43 169899
13 44 197628
13 45 87972.2
13 46 -48760.8
13 47 -22619.8
13 48 58615.1
13 49 -41247.1
13 50 293179
13 51 329742
13 52 210031
13 53 2896.3
13 54 15015.1
13 55 -76416.3
13 56 -30773.6
13 57 29604.8
13 58 83797.2
13 59 47370.3
13 60 -6687.43
13 61 -18984.2
13 62 -25328.2
13 63 3767.2
13 64 15150.4
13 65 -2684.96
13 66 -20783.1
13 67 -22198.2
13 68 -7514.43
13 69 8465.91
13 70 -1393.32
13 71 8242.2
13 72 4819.33
13 73 11434.8
13 74 2094.05
13 75 -6768.76
14 0 639219
14 1 379821
14 2 59389.6
14 3 100592
14 4 80513.2
14 5 -19826.7
14 6 55248.4
14 7 -547.126
14 8 16375.8
14 9 7480.52
14 10 -26692.8
14 11 25582
14 12 33605.8
14 13 221402
14 14 495018
14 15 156172
14 16 29723.4
14 17 21736.4
14 18 16610.8
14 19 5111.96
14 20 -2669.25
14 21 3480.57
14 22 -269.597
14 23 4185.7
14 24 7586.91
14 25 9955.53
14 26 7431.29
14 27 886.253
14 28 34.2923
14 29 306.352
14 30 8596.98
14 31 128.369
14 32 -33.5269
14 33 4377.33
14 34 6784.17
14 35 2855.15
14 36 3821.56
14 37 1429.31
14 38 170442
14 39 50532.7
14 40 -223738
14 41 -240725
14 42 250293
14 43 177270
14 44 18256.8
14 45 -70314.6
14 46 -80149.5
14 47 -39312
14 48 -39501
14 49 -144873
14 50 -38664.4
14 51 197471
14 52 254009
14 53 194026
14 54 45448.9
14 55 1933
14 56 -4616.41
14 57 37342
14 58 61633.7
14 59 31979.5
14 60 1233.98
14 61 -18128.6
14 62 6306.16
14 63 9987.39
14 64 16178.4
14 65 -11025.4
14 66 -3414.06
14 67 28051.3
14 68 19868.1
14 69 5799.73
14 70 -9783.27
14 71 520.099
14 72 -1825.26
14 73 7203.6
14 74 4262.23
14 75 -696.353
15 0 538954
15 1 358482
15 2 198148
15 3 -14301.7
15 4 -40571.1
15 5 9908.93
15 6 44097.2
15 7 -29572.8
15 8 50304.7
15 9 4010.02
15 10 -14256.1
15 11 7640.04
15 12 13374
15 13 -179.946
15 14 156172
15 15 428224
15 16 153196
15 17 34675.1
15 18 382.864
15 19 3237.32
15 20 783.435
15 21 10344.4
15 22 9192.96
15 23 9461.03
15 24 11614.3
15 25 11995.2
15 26 11444.7
15 27 9045.7
15 28 4351.81
15 29 4325.34
15 30 9430.99
15 31 4239.97
15 32 6210.74
15 33 3495.53
15 34 4181.35
15 35 7787.17
15 36 1324.08
15 37 -8.88532
15 38 1.02696e+06
15 39 126796
15 40 -442567
15 41 -203118
15 42 -99083.3
15 43 -19065
15 44 -72180
15 45 -174691
15 46 -127030
15 47 -74659.2
15 48 -25447.8
15 49 -15594.4
15 50 -22211.6
15 51 -2185.52
15 52 168409
15 53 171097
15 54 165828
15 55 21496.9
15 56 -32610
15 57 -1654.18
15 58 -6770.19
15 59 2460.94
15 60 -21914.6
15 61 4618.32
15 62 14459.5
15 63 12139.8
15 64 7682.53
15 65 -609.225
15 66 9221.4
15 67 24030.3
15 68 11895.6
15 69 -2125.57
15 70 12839.8
15 71 8452.61
15 72 -2737.71
15 73 410.784
15 74 7720.23
15 75 10175.3
16 0 531650
16 1 298478
16 2 221658
16 3 87125.6
16 4 105089
16 5 70738.5
16 6 -14605.7
16 7 -39600.7
16 8 32998.4
16 9 6915.75
16 10 8322.29
16 11 10633.3
16 12 31732.6
16 13 1488.76
16 14 29723.4
16 15 153196
16 16 314417
16 17 100060
16 18 9442.1
16 19 1453.63
16 20 4279.3
16 21 14809
16 22 6489.05
16 23 10490.7
16 24 623.551
16 25 8267.42
16 26 9464.99
16 27 6236.54
16 28 2503.61
16 29 7910.95
16 30 7352.76
16 31 7553.87
16 32 7550.26
16 33 716.87
16 34 1888.76
16 35 4343.28
16 36 5183.5
16 37 2634.57
16 38 513504
16 39 -66432.7
16 40 -210263
16 41 92262
16 42 -86852.5
16 43 30354.3
16 44 -39387.3
16 45 -37467.3
16 46 -33438.6
16 47 -125422
16 48 -60070.4
16 49 -13130.7
16 50 -74329.6
16 51 4498.37
16 52 67384.3
16 53 128807
16 54 131691
16 55 81693.7
16 56 -22610.2
16 57 11862.2
16 58 -432.111
16 59 -18310.4
16 60 -20676.6
16 61 -7780.14
16 62 -7716.04
16 63 -4294.16
16 64 3883.38
16 65 6220.07
16 66 3666.2
16 67 -3544.16
16 68 -9377.46
16 69 -1805.22
16 70 6647.47
16 71 -1185.44
16 72 -8404.29
16 73 3054.38
16 74 -3142.87
16 75 584.102
17 0 184446
17 1 153849
17 2 206286
17 3 168529
17 4 57517.2
17 5 104845
17 6 50685.9
17 7 4557.84
17 8 37465.7
17 9 14062.3
17 10 -21268.5
17 11 11560.9
17 12 12456.1
17 13 -814.137
17 14 21736.4
17 15 34675.1
17 16 100060
17 17 256929
17 18 90175
17 19 13470.8
17 20 12186.8
17 21 14174
17 22 5005.99
17 23 15134.9
17 24 7117.02
17 25 6476.14
17 26 5396.85
17 27 7433.94
17 28 7695.78
17 29 3036.83
17 30 5743.15
17 31 2373.89
17 32 582.654
17 33 -2142.96
17 34 1034.58
17 35 999.92
17 36 4906.34
17 37 2064.01
17 38 -288702
17 39 -9145.97
17 40 100276
17 41 -74541.8
17 42 -19337.1
17 43 87094.6
17 44 12239.4
17 45 41101.1
17 46 -28784.5
17 47 -112824
17 48 -110832
17 49 -8703.89
17 50 -350.332
17 51 6651.48
17 52 17626.6
17 53 19501.9
17 54 84777.5
17 55 94006
17 56 52673.3
17 57 8349
17 58 33630.1
17 59 11875.9
17 60 5419.39
17 61 -11442.3
17 62 -20990.7
17 63 -4637.65
17 64 1128.19
17 65 -1187.13
17 66 3751.52
17 67 5166.19
17 68 3455.77
17 69 1142.17
17 70 1019.63
17 71 821.856
17 72 4720.87
17 73 2295
17 74 -10104.5
17 75 2079.77
18 0 78649.3
18 1 204743
18 2 170851
18 3 120107
18 4 -15790.2
18 5 37890.5
18 6 73613
18 7 9822.47
18 8 10663.9
18 9 36091.3
18 10 2998.72
18 11 6464.09
18 12 25870.6
18 13 26320.7
18 14 16610.8
18 15 382.864
18 16 9442.1
18 17 90175
18 18 217299
18 19 73013.5
18 20 22863.3
18 21 15124.4
18 22 6560.01
18 23 11163.5
18 24 890.064
18 25 2931.39
18 26 6512.6
18 27 579.127
18 28 2830.48
18 29 2625.78
18 30 8058.12
18 31 4974.12
18 32 2442.52
18 33 2707.72
18 34 2396.48
18 35 1764.36
18 36 5714.72
18 37 5626.66
18 38 -343983
18 39 -68216
18 40 -185160
18 41 -222268
18 42 82191.1
18 43 121242
18 44 104894
18 45 73156.6
18 46 9129.35
18 47 -43094.7
18 48 1579.06
18 49 63868.4
18 50 -5273.84
18 51 4449.35
18 52 58966.4
18 53 35824.4
18 54 30752.4
18 55 95811.5
18 56 63928.1
18 57 56940.4
18 58 22824.8
18 59 122.831
18 60 2324.53
18 61 5110.51
18 62 -16526
18 63 -8409.44
18 64 5329.15
18 65 -4832.72
18 66 7922.72
18 67 2764.05
18 68 2344.01
18 69 3132.44
18 70 1373.18
18 71 1965.88
18 72 7558.43
18 73 2798.51
18 74 2169.61
18 75 11382.9
19 0 151844
19 1 221776
19 2 136384
19 3 94532.3
19 4 20558.5
19 5 -45551
19 6 31876.4
19 7 -5351.56
19 8 6265.85
19 9 29423.7
19 10 16384.5
19 11 30285.1
19 12 8529.84
19 13 18818.6
19 14 5111.96
19 15 3237.32
19 16 1453.63
19 17 13470.8
19 18 73013.5
19 19 169067
19 20 54727.4
19 21 19632.7
19 22 7542.61
19 23 9355.88
19 24 1993.23
19 25 3697.04
19 26 7726.33
19 27 5219.49
19 28 5897.34
19 29 4212.57
19 30 1684.21
19 31 3843.67
19 32 4502.18
19 33 5089.77
19 34 1893.24
19 35 2876.25
19 36 3856.84
19 37 2564.33
19 38 -413598
19 39 -103497
19 40 -98847.4
19 41 -35371.4
19 42 185452
19 43 33127.7
19 44 -124.581
19 45 83518.7
19 46 35138.5
19 47 -5492.64
19 48 1558.88
19 49 13859.1
19 50 -41417.6
19 51 -19850.4
19 52 31936.4
19 53 -6199.97
19 54 9381.91
19 55 27346.2
19 56 65122.3
19 57 58729.3
19 58 57741.3
19 59 1325.37
19 60 2335.23
19 61 -5291.19
19 62 -19518.5
19 63 -13600.3
19 64 -10174.2
19 65 -13322.5
19 66 2270.62
19 67 -6329.59
19 68 1150.85
19 69 1646.61
19 70 1593.11
19 71 5061.85
19 72 9032.79
19 73 9438.25
19 74 19.4249
19 75 -1.81638
20 0 -55184.7
20 1 228151
20 2 -24837.6
20 3 28241.9
20 4 -14714.2
20 5 -37459.6
20 6 54753.2
20 7 12554.4
20 8 635.758
20 9 13972.5
20 10 6721.17
20 11 25695.8
20 12 16191.9
20 13 7107.07
20 14 -2669.25
20 15 783.435
20 16 4279.3
20 17 12186.8
20 18 22863.3
20 19 54727.4
20 20 145576
20 21 48309.6
20 22 9473.43
20 23 16515.6
20 24 3699.09
20 25 7878.43
20 26 2682.13
20 27 -1605.33
20 28 -79.4198
20 29 5038.54
20 30 8913.52
20 31 4044.77
20 32 5040.45
20 33 3890.87
20 34 631.692
20 35 2266.22
20 36 3315.4
20 37 3367.42
20 38 221594
20 39 -57775.4
20 40 -109819
20 41 -202126
20 42 47797.2
20 43 32687.5
20 44 54532.6
20 45 5171.88
20 46 -14252.7
20 47 25763
20 48 41448.8
20 49 47032.2
20 50 21513.3
20 51 29467.3
20 52 22827.8
20 53 -12835.3
20 54 -16363.6
20 55 4746.9
20 56 2088.51
20 57 48135.9
20 58 40950.6
20 59 43672.5
20 60 9168.59
20 61 512.883
20 62 -4769.28
20 63 -11547.9
20 64 -7954.5
20 65 -16639.6
20 66 -3286.17
20 67 -6320.67
20 68 -320.755
20 69 1395.78
20 70 497.089
20 71 7957.47
20 72 5379.68
20 73 8155.87
20 74 1333.51
20 75 1331.11
21 0 160590
21 1 104235
21 2 -22790
21 3 15071.7
21 4 5753.9
21 5 -39135
21 6 18446.2
21 7 63127.4
21 8 30223.9
21 9 39318.2
21 10 4961.75
21 11 10071.5
21 12 19391.4
21 13 13333.7
21 14 3480.57
21 15 10344.4
21 16 14809
21 17 14174
21 18 15124.4
21 19 19632.7
21 20 48309.6
21 21 124943
21 22 46698.9
21 23 11790.6
21 24 945.627
21 25 3864.52
21 26 3535.51
21 27 4255.61
21 28 3440.99
21 29 2692.87
21 30 5423.09
21 31 2425.09
21 32 2222.14
21 33 1218.57
21 34 774.355
21 35 3204.68
21 36 2223.02
21 37 3440.56
21 38 162070
21 39 176884
21 40 183293
21 41 -52438.4
21 42 -100387
21 43 -90490.2
21 44 -1929.93
21 45 43819.9
21 46 7275.81
21 47 27122.4
21 48 38279
21 49 27383.7
21 50 -27766.5
21 51 -19725.9
21 52 23588.3
21 53 6950.1
21 54 6428.3
21 55 -5199.93
21 56 -6865.14
21 57 8384.84
21 58 44472.4
21 59 35585.8
21 60 40480.6
21 61 3194.2
21 62 -11280.7
21 63 -16251.5
21 64 -5296.57
21 65 -2762.93
21 66 478.814
21 67 536.91
21 68 6000.37
21 69 261.79
21 70 -3427.39
21 71 -3569.71
21 72 2302.05
21 73 3852.03
21 74 1989.56
21 75 4158.14
22 0 89700.6
22 1 5018.73
22 2 -27126.6
22 3 -116456
22 4 -22570.3
22 5 39922.7
22 6 30643.2
22 7 55362.6
22 8 21080.5
22 9 51067.7
22 10 18492.7
22 11 13577.3
22 12 7216.35
22 13 12842.3
22 14 -269.597
22 15 9192.96
22 16 6489.05
22 17 5005.99
22 18 6560.01
22 19 7542.61
22 20 9473.43
22 21 46698.9
22 22 113145
22 23 38303.5
22 24 11056.7
22 25 5323.81
22 26 2904.06
22 27 1817.6
22 28 2679.95
22 29 2710.35
22 30 8010.68
22 31 2756.35
22 32 4897.99
22 33 2864.38
22 34 1741.66
22 35 5355.47
22 36 3134.16
22 37 2316.5
22 38 -55247.7
22 39 376756
22 40 1139.84
22 41 -244706
22 42 -187062
22 43 15646.2
22 44 5049.67
22 45 10629.9
22 46 47049.8
22 47 41352.6
22 48 32088.6
22 49 35792.1
22 50 -32806.7
22 51 -40715.8
22 52 16760.6
22 53 1045.54
22 54 -415.766
22 55 4684
22 56 -4248.38
22 57 11817.7
22 58 10719.7
22 59 33214
22 60 27608.1
22 61 30135.8
22 62 3906.2
22 63 6035.71
22 64 1894.06
22 65 -8021.38
22 66 -2946.12
22 67 520.613
22 68 1251.66
22 69 1538.16
22 70 -4144.8
22 71 -2965.56
22 72 2200.16
22 73 4669.72
22 74 4323.2
22 75 1032.9
23 0 250741
23 1 46837.6
23 2 2351.01
23 3 1195.88
23 4 -10677.4
23 5 -5608.81
23 6 18061
23 7 11508
23 8 -8994.79
23 9 27759.6
23 10 23190.9
23 11 1481.67
23 12 4084.59
23 13 13456.9
23 14 4185.7
23 15 9461.03
23 16 10490.7
23 17 15134.9
23 18 11163.5
23 19 9355.88
23 20 16515.6
23 21 11790.6
23 22 38303.5
23 23 94850.7
23 24 36414.5
23 25 10010.2
23 26 4642.39
23 27 -108.99
23 28 4877.46
23 29 8170.51
23 30 6187.77
23 31 2677.61
23 32 5761.44
23 33 3336.2
23 34 2412.29
23 35 2816.33
23 36 989.455
23 37 1891.17
23 38 132834
23 39 -87667.2
23 40 -40285
23 41 -44052.1
23 42 51991.1
23 43 92032
23 44 -1047.14
23 45 -11201.4
23 46 31720.5
23 47 23176
23 48 46951.4
23 49 39347.8
23 50 20275.6
23 51 357.143
23 52 6160.82
23 53 21472.5
23 54 21950.8
23 55 5699.17
23 56 -4238.3
23 57 9109.22
23 58 7716.14
23 59 10739.5
23 60 32706.3
23 61 24223.6
23 62 15549.5
23 63 1135.28
23 64 5101.54
23 65 -1276.22
23 66 4566
23 67 10011.8
23 68 3078.96
23 69 5531.19
23 70 5570.02
23 71 5034.11
23 72 5905.53
23 73 6798.49
23 74 3033.55
23 75 2264.39
24 0 100523
24 1 -62924.5
24 2 61950.8
24 3 108511
24 4 -48968.3
24 5 -35732.8
24 6 7981.9
24 7 -26364.8
24 8 13986.1
24 9 19963.2
24 10 31389.8
24 11 11953.5
24 12 15951.2
24 13 22656.1
24 14 7586.91
24 15 11614.3
24 16 623.551
24 17 7117.02
24 18 890.064
24 19 1993.23
24 20 3699.09
24 21 945.627
24 22 11056.7
24 23 36414.5
24 24 85037.7
24 25 30477.4
24 26 8274.29
24 27 3620.97
24 28 4907.27
24 29 6451.06
24 30 4977.73
24 31 4052.93
24 32 5167.64
24 33 2182.88
24 34 2475.97
24 35 1533.05
24 36 1982.53
24 37 1255.83
24 38 51782.2
24 39 59547.7
24 40 102689
24 41 -111213
24 42 -40532.9
24 43 641.362
24 44 -38013.2
24 45 -16254.6
24 46 -6882.18
24 47 44358.7
24 48 20529.2
24 49 32182.7
24 50 8614.57
24 51 11875.9
24 52 10681.3
24 53 528.058
24 54 23098
24 55 -2826.54
24 56 -15005.5
24 57 -7873.76
24 58 -12734.9
24 59 9782.74
24 60 17824.5
24 61 29712.1
24 62 7045.02
24 63 17059.1
24 64 6659.29
24 65 -760.24
24 66 -1988.78
24 67 -464.57
24 68 -5054.08
24 69 -1658.48
24 70 7222.95
24 71 5222.57
24 72 129.909
24 73 2231.02
24 74 -669.757
24 75 166.368
25 0 225868
25 1 101831
25 2 -23293.5
25 3 59158.9
25 4 24187.7
25 5 19309.5
25 6 13766.2
25 7 9294.48
25 8 10780.7
25 9 15297.5
25 10 16630.3
25 11 3041.27
25 12 20284.2
25 13 22755.6
25 14 9955.53
25 15 11995.2
25 16 8267.42
25 17 6476.14
25 18 2931.39
25 19 3697.04
25 20 7878.43
25 21 3864.52
25 22 5323.81
25 23 10010.2
25 24 30477.4
25 25 68348
25 26 23634.6
25 27 8685.65
25 28 8412.01
25 29 5744.79
25 30 4207.54
25 31 2829.47
25 32 2223.66
25 33 4283.84
25 34 2462.85
25 35 3818.29
25 36 2914.09
25 37 1773.71
25 38 89838.7
25 39 157602
25 40 14056.5
25 41 -122558
25 42 -80150.5
25 43 -30195
25 44 -40108.9
25 45 -29576.6
25 46 -29380.4
25 47 -7957.01
25 48 -15553.8
25 49 -20485.2
25 50 -15015.9
25 51 -16685.9
25 52 568.15
25 53 2275.02
25 54 4265.76
25 55 -11891.7
25 56 -12060.2
25 57 -5920.96
25 58 -7613.51
25 59 3390.01
25 60 -3844.36
25 61 -6160.82
25 62 5411.11
25 63 13628.2
25 64 11881.6
25 65 -2276.75
25 66 -4349.52
25 67 -4245.76
25 68 -107.967
25 69 -1679.09
25 70 -227.409
25 71 2477.63
25 72 -169.173
25 73 3542.5
25 74 -2315.71
25 75 -5068.49
26 0 165129
26 1 89483.4
26 2 94792
26 3 89540.6
26 4 25851.6
26 5 -7141.64
26 6 -25077.9
26 7 14649.9
26 8 13671.2
26 9 9715.02
26 10 17704.5
26 11 21618.5
26 12 19657.3
26 13 21184.9
26 14 7431.29
26 15 11444.7
26 16 9464.99
26 17 5396.85
26 18 6512.6
26 19 7726.33
26 20 2682.13
26 21 3535.51
26 22 2904.06
26 23 4642.39
26 24 8274.29
26 25 23634.6
26 26 62204.9
26 27 24579.4
26 28 10276.3
26 29 5849.5
26 30 3041.06
26 31 2492.52
26 32 4295.65
26 33 6658.94
26 34 3759.3
26 35 4939.18
26 36 4117.34
26 37 2075.69
26 38 -156276
26 39 20515.9
26 40 142015
26 41 62737.9
26 42 -32851.7
26 43 1905.26
26 44 -27435.3
26 45 -22237.1
26 46 3381.77
26 47 -13525.6
26 48 -8007.38
26 49 449.73
26 50 -192.591
26 51 5672.56
26 52 15297.1
26 53 27635.1
26 54 8824.59
26 55 356.657
26 56 -741.846
26 57 -4008.72
26 58 -281.265
26 59 -871.237
26 60 -265.36
26 61 -843.36
26 62 83.0652
26 63 15008.7
26 64 14819.2
26 65 16986
26 66 -748.171
26 67 -964.092
26 68 -2343.72
26 69 -4567.14
26 70 679.68
26 71 4761.24
26 72 4617.52
26 73 4418.6
26 74 3014.99
26 75 -1032.02
27 0 -8626.54
27 1 50766.5
27 2 95092.2
27 3 45958.7
27 4 48755.5
27 5 -6885.76
27 6 -10589.1
27 7 4727.94
27 8 2093.21
27 9 2362.64
27 10 12359.7
27 11 21089.2
27 12 13092.8
27 13 7668.49
27 14 886.253
27 15 9045.7
27 16 6236.54
27 17 7433.94
27 18 579.127
27 19 5219.49
27 20 -1605.33
27 21 4255.61
27 22 1817.6
27 23 -108.99
27 24 3620.97
27 25 8685.65
27 26 24579.4
27 27 53706.4
27 28 19366.6
27 29 4649.89
27 30 3530.57
27 31 3200.46
27 32 3504.5
27 33 3716.5
27 34 1682.63
27 35 2566.59
27 36 2112.7
27 37 2422.78
27 38 -104970
27 39 -23535
27 40 -110575
27 41 -23186.7
27 42 -20230
27 43 -53011.4
27 44 -77763.6
27 45 -27144.6
27 46 -23270.9
27 47 -71307.4
27 48 -22769.6
27 49 4052.04
27 50 13953.6
27 51 11166
27 52 19555.8
27 53 28928.6
27 54 13936.2
27 55 -3538.17
27 56 6188.26
27 57 -13981
27 58 -6705.24
27 59 -6048.2
27 60 3893.94
27 61 -4527.22
27 62 -2604.7
27 63 -5022.63
27 64 11073
27 65 14266.1
27 66 11710.1
27 67 -862.787
27 68 -1385.53
27 69 -4476.49
27 70 -943.568
27 71 2535.94
27 72 3608.85
27 73 915.776
27 74 3383.05
27 75 819.62
28 0 124798
28 1 40309.5
28 2 61912.1
28 3 64558.2
28 4 24477.5
28 5 10780.4
28 6 -4990.49
28 7 12040.7
28 8 5410.04
28 9 -1367.49
28 10 5565.77
28 11 17767.7
28 12 17635
28 13 8209.23
28 14 34.2923
28 15 4351.81
28 16 2503.61
28 17 7695.78
28 18 2830.48
28 19 5897.34
28 20 -79.4198
28 21 3440.99
28 22 2679.95
28 23 4877.46
28 24 4907.27
28 25 8412.01
28 26 10276.3
28 27 19366.6
28 28 47642.9
28 29 16995.6
28 30 6156.82
28 31 4211.07
28 32 3707.92
28 33 4579.6
28 34 4865.31
28 35 4806.44
28 36 3591.87
28 37 3498.78
28 38 72670.9
28 39 -115892
28 40 -127701
28 41 -10324
28 42 51439
28 43 -20816.4
28 44 -114556
28 45 -46189.8
28 46 -29293.6
28 47 -78997.2
28 48 -38775.4
28 49 -5542.57
28 50 6148.13
28 51 -1188.21
28 52 18021
28 53 11480.3
28 54 16268.5
28 55 6752.78
28 56 3423.18
28 57 -13931.3
28 58 -3482.03
28 59 -2448.26
28 60 11735.1
28 61 1151.82
28 62 -5910.17
28 63 -4760.41
28 64 -8822.39
28 65 6858.68
28 66 6596.78
28 67 7089.42
28 68 216.641
28 69 -3132.47
28 70 -2300.94
28 71 -1199.7
28 72 1941.96
28 73 -177.776
28 74 -1349.91
28 75 -1052.84
29 0 44055.1
29 1 -35521.7
29 2 21662.9
29 3 13849.7
29 4 53361.8
29 5 10775.1
29 6 -13934.6
29 7 -3641.71
29 8 -5182.79
29 9 10296.9
29 10 1931.22
29 11 16214.7
29 12 5292.97
29 13 1524.39
29 14 306.352
29 15 4325.34
29 16 7910.95
29 17 3036.83
29 18 2625.78
29 19 4212.57
29 20 5038.54
29 21 2692.87
29 22 2710.35
29 23 8170.51
29 24 6451.06
29 25 5744.79
29 26 5849.5
29 27 4649.89
29 28 16995.6
29 29 40538.8
29 30 15072.2
29 31 5727.65
29 32 3534.65
29 33 3944.8
29 34 2908.31
29 35 3463.34
29 36 2910.94
29 37 1638.46
29 38 227323
29 39 -144860
29 40 -3240.65
29 41 175349
29 42 173883
29 43 27066.3
29 44 -47904.5
29 45 -29452.5
29 46 -3446.93
29 47 -29862.3
29 48 -11349.4
29 49 10840.5
29 50 9017.71
29 51 3274.37
29 52 18636
29 53 25395.9
29 54 14521.6
29 55 7571.41
29 56 -2709.92
29 57 -8849.3
29 58 -13072.5
29 59 -4240.52
29 60 -2465.75
29 61 721.073
29 62 5632.26
29 63 4674.01
29 64 753.404
29 65 -7642.79
29 66 7794.79
29 67 5356.33
29 68 6759.35
29 69 -1274.51
29 70 1040.78
29 71 1091.73
29 72 4494.47
29 73 444.203
29 74 -3788.83
29 75 -2269.59
30 0 37515.9
30 1 -27893.9
30 2 -39536.6
30 3 -24463.7
30 4 37574.3
30 5 34581.3
30 6 14920.5
30 7 23342.2
30 8 7756.78
30 9 10996.2
30 10 7949.7
30 11 14518.6
30 12 6315.42
30 13 3372.67
30 14 8596.98
30 15 9430.99
30 16 7352.76
30 17 5743.15
30 18 8058.12
30 19 1684.21
30 20 8913.52
30 21 5423.09
30 22 8010.68
30 23 6187.77
30 24 4977.73
30 25 4207.54
30 26 3041.06
30 27 3530.57
30 28 6156.82
30 29 15072.2
30 30 36634.3
30 31 13779.2
30 32 3813.95
30 33 3766.58
30 34 3002.38
30 35 3078.02
30 36 3358.21
30 37 1666.55
30 38 -65016.1
30 39 -202522
30 40 -151057
30 41 14707.1
30 42 38740.3
30 43 43447.6
30 44 38767.4
30 45 19562.3
30 46 17486.7
30 47 22124
30 48 5078.23
30 49 15007.7
30 50 -2046.45
30 51 3341.82
30 52 10142.2
30 53 11396.9
30 54 5697.17
30 55 6947.83
30 56 -225.838
30 57 -1439.64
30 58 5480.15
30 59 1323.2
30 60 4494.47
30 61 11599.2
30 62 1751.75
30 63 -1208.87
30 64 3407.62
30 65 198.874
30 66 -269.175
30 67 8805.87
30 68 4365.56
30 69 4927.18
30 70 816.669
30 71 -2408.58
30 72 -108.846
30 73 2299.36
30 74 -1867.09
30 75 -896.662
31 0 113408
31 1 86892.7
31 2 282.311
31 3 -10732.4
31 4 37925.3
31 5 9392.9
31 6 10673.4
31 7 13090
31 8 2855.49
31 9 -2161.32
31 10 -3687.01
31 11 5476.41
31 12 -4218.64
31 13 -3681.72
31 14 128.369
31 15 4239.97
31 16 7553.87
31 17 2373.89
31 18 4974.12
31 19 3843.67
31 20 4044.77
31 21 2425.09
31 22 2756.35
31 23 2677.61
31 24 4052.93
31 25 2829.47
31 26 2492.52
31 27 3200.46
31 28 4211.07
31 29 5727.65
31 30 13779.2
31 31 34056.5
31 32 13419.3
31 33 5598.99
31 34 3899.97
31 35 3914.37
31 36 3430.69
31 37 2555.77
31 38 173177
31 39 -69929.6
31 40 -125729
31 41 -48321.2
31 42 -41822.2
31 43 -44338
31 44 -33562.4
31 45 -23017.2
31 46 6203.73
31 47 32452.9
31 48 2499.31
31 49 -23006.2
31 50 -36497.2
31 51 -5440.28
31 52 18907.7
31 53 12753.4
31 54 -2639.96
31 55 -5485.97
31 56 -9131.71
31 57 -7570.79
31 58 -9947.94
31 59 -8080.03
31 60 5114.03
31 61 4545.54
31 62 -1454.87
31 63 -826.901
31 64 -1645.78
31 65 -4749.07
31 66 -2139.84
31 67 1697.74
31 68 8191.92
31 69 3846.18
31 70 4420.86
31 71 -2936.89
31 72 507.335
31 73 2029.24
31 74 -158.915
31 75 -1818.53
32 0 138780
32 1 107845
32 2 -2419.41
32 3 -23571.2
32 4 -7755.73
32 5 -19317.4
32 6 -11039.5
32 7 -10813.2
32 8 -8348.24
32 9 6921.89
32 10 11903.3
32 11 12803.7
32 12 3420.32
32 13 3430.7
32 14 -33.5269
32 15 6210.74
32 16 7550.26
32 17 582.654
32 18 2442.52
32 19 4502.18
32 20 5040.45
32 21 2222.14
32 22 4897.99
32 23 5761.44
32 24 5167.64
32 25 2223.66
32 26 4295.65
32 27 3504.5
32 28 3707.92
32 29 3534.65
32 30 3813.95
32 31 13419.3
32 32 31442
32 33 13084.7
32 34 3582.6
32 35 2665.69
32 36 1952.33
32 37 1349.57
32 38 109654
32 39 5104.03
32 40 -34283.5
32 41 41291.7
32 42 -16318.1
32 43 -74162.3
32 44 -59070.6
32 45 -50396.4
32 46 6488.65
32 47 11436.8
32 48 16599.7
32 49 -1675.08
32 50 -5113.8
32 51 1498.41
32 52 -8684.67
32 53 3750.18
32 54 1864.92
32 55 9293.87
32 56 -6321.5
32 57 -3113.73
32 58 -1678.74
32 59 -1967.82
32 60 -2721.7
32 61 -5772.36
32 62 -7042.86
32 63 -4777.35
32 64 87.6619
32 65 -1895.82
32 66 -1001.2
32 67 2161.57
32 68 1652.79
32 69 7752.87
32 70 4560.18
32 71 2690.58
32 72 3257.15
32 73 193.789
32 74 331.68
32 75 -374.711
33 0 70340.6
33 1 -18165.4
33 2 -9099.65
33 3 13127.2
33 4 -2690.4
33 5 9715.1
33 6 -583.878
33 7 -7639.08
33 8 5713.3
33 9 7248.48
33 10 8650.69
33 11 8235.62
33 12 5264.91
33 13 6766.29
33 14 4377.33
33 15 3495.53
33 16 716.87
33 17 -2142.96
33 18 2707.72
33 19 5089.77
33 20 3890.87
33 21 1218.57
33 22 2864.38
33 23 3336.2
33 24 2182.88
33 25 4283.84
33 26 6658.94
33 27 3716.5
33 28 4579.6
33 29 3944.8
33 30 3766.58
33 31 5598.99
33 32 13084.7
33 33 28466.1
33 34 9761.94
33 35 4241.97
33 36 3215.29
33 37 2920.3
33 38 -72592.4
33 39 -101654
33 40 -15080.5
33 41 50043.8
33 42 -16009.5
33 43 3692.99
33 44 -7179.45
33 45 -37128.2
33 46 -9758.71
33 47 7393.78
33 48 19384.8
33 49 5615.78
33 50 -4259.26
33 51 -4885.32
33 52 -7941.08
33 53 6080.45
33 54 -7097.49
33 55 -4881.99
33 56 3240.16
33 57 84.4909
33 58 -408.288
33 59 -4074.93
33 60 -5167.47
33 61 -5031.36
33 62 -1405.88
33 63 2478.09
33 64 303.272
33 65 -3728.07
33 66 -3570.4
33 67 -4069.25
33 68 -2954
33 69 -1103.78
33 70 4635.7
33 71 553.345
33 72 4313
33 73 1768.08
33 74 1572.57
33 75 -793.814
34 0 113115
34 1 -68700.9
34 2 -47673.9
34 3 -4973.97
34 4 -5570.11
34 5 17134
34 6 -4937.34
34 7 -3270.12
34 8 6088.9
34 9 6746.18
34 10 194.144
34 11 485.421
34 12 2393.89
34 13 -770.071
34 14 6784.17
34 15 4181.35
34 16 1888.76
34 17 1034.58
34 18 2396.48
34 19 1893.24
34 20 631.692
34 21 774.355
34 22 1741.66
34 23 2412.29
34 24 2475.97
34 25 2462.85
34 26 3759.3
34 27 1682.63
34 28 4865.31
34 29 2908.31
34 30 3002.38
34 31 3899.97
34 32 3582.6
34 33 9761.94
34 34 22425.9
34 35 8650.01
34 36 3491
34 37 2556.5
34 38 60396.3
34 39 993.683
34 40 18667.7
34 41 66204.3
34 42 -29957.7
34 43 -32417
34 44 -26386.9
34 45 -39886.3
34 46 -3811.92
34 47 16084.2
34 48 -12856.9
34 49 -6196.62
34 50 -2916.35
34 51 -3946.42
34 52 -4289.6
34 53 5161.83
34 54 -7962.2
34 55 -8153.6
34 56 -3676.55
34 57 701.623
34 58 -1291.4
34 59 -2692.09
34 60 -2603.28
34 61 -6973.34
34 62 -960.675
34 63 5809.16
34 64 2376.05
34 65 1193.88
34 66 -3156.28
34 67 -1484.72
34 68 -1030.86
34 69 -2825.85
34 70 -2895.33
34 71 1147.78
34 72 1587.94
34 73 5806.88
34 74 2171.56
34 75 79.8912
35 0 80074.8
35 1 34487.2
35 2 68979.2
35 3 39533
35 4 15988.3
35 5 8485.58
35 6 12997.6
35 7 7324.26
35 8 8830.36
35 9 11058.9
35 10 8052.27
35 11 10704.4
35 12 5701.71
35 13 2653.83
35 14 2855.15
35 15 7787.17
35 16 4343.28
35 17 999.92
35 18 1764.36
35 19 2876.25
35 20 2266.22
35 21 3204.68
35 22 5355.47
35 23 2816.33
35 24 1533.05
35 25 3818.29
35 26 4939.18
35 27 2566.59
35 28 4806.44
35 29 3463.34
35 30 3078.02
35 31 3914.37
35 32 2665.69
35 33 4241.97
35 34 8650.01
35 35 21727.2
35 36 8128.38
35 37 3465.21
35 38 165195
35 39 91890.1
35 40 28186.8
35 41 15774.2
35 42 -23373.6
35 43 35561.4
35 44 -22349.7
35 45 -23620.8
35 46 5941.96
35 47 8992.98
35 48 -24503.6
35 49 -15737.6
35 50 -5806.65
35 51 -19909.3
35 52 -1211.65
35 53 10027.7
35 54 -3676.23
35 55 -4640.07
35 56 -2692.4
35 57 -4232.46
35 58 -3354.96
35 59 551.839
35 60 -1287.22
35 61 -4108.66
35 62 -6327.08
35 63 -1109.94
35 64 -2105.98
35 65 -21.7738
35 66 1944.46
35 67 -4123.43
35 68 -2273.46
35 69 -1757.29
35 70 607.633
35 71 1252.92
35 72 3845.7
35 73 2741.2
35 74 5109.54
35 75 -195.335
36 0 -65725.5
36 1 17253
36 2 39000.8
36 3 -7762.23
36 4 -24522.3
36 5 -17845.4
36 6 16142.4
36 7 11328
36 8 9685.75
36 9 3273.86
36 10 7334.74
36 11 7745.34
36 12 4481.02
36 13 4959.01
36 14 3821.56
36 15 1324.08
36 16 5183.5
36 17 4906.34
36 18 5714.72
36 19 3856.84
36 20 3315.4
36 21 2223.02
36 22 3134.16
36 23 989.455
36 24 1982.53
36 25 2914.09
36 26 4117.34
36 27 2112.7
36 28 3591.87
36 29 2910.94
36 30 3358.21
36 31 3430.69
36 32 1952.33
36 33 3215.29
36 34 3491
36 35 8128.38
36 36 19025.7
36 37 7238.7
36 38 54003.3
36 39 -55363.8
36 40 59990.2
36 41 -18483.1
36 42 -81171.6
36 43 2932.2
36 44 -1402
36 45 3087.22
36 46 22095.3
36 47 20086
36 48 -5141.35
36 49 2651.06
36 50 -1087.46
36 51 7524.89
36 52 15885.2
36 53 7491.91
36 54 -686.579
36 55 355.067
36 56 1835.7
36 57 3313.33
36 58 -263.997
36 59 3006.11
36 60 4861.92
36 61 95.356
36 62 -1300.59
36 63 2088.72
36 64 -1507.22
36 65 -45.5252
36 66 27.8153
36 67 -1745.21
36 68 -1770.95
36 69 -583.924
36 70 152.857
36 71 2943.92
36 72 3324.92
36 73 5436.03
36 74 1974.08
36 75 2107.12
37 0 95594.9
37 1 16711.5
37 2 7599.1
37 3 -14815.6
37 4 -11809.2
37 5 -2985.95
37 6 25.7667
37 7 8053.56
37 8 6232.54
37 9 -3835.23
37 10 -3709.28
37 11 25.7665
37 12 3945.77
37 13 2913.07
37 14 1429.31
37 15 -8.88532
37 16 2634.57
37 17 2064.01
37 18 5626.66
37 19 2564.33
37 20 3367.42
37 21 3440.56
37 22 2316.5
37 23 1891.17
37 24 1255.83
37 25 1773.71
37 26 2075.69
37 27 2422.78
37 28 3498.78
37 29 1638.46
37 30 1666.55
37 31 2555.77
37 32 1349.57
37 33 2920.3
37 34 2556.5
37 35 3465.21
37 36 7238.7
37 37 16452.7
37 38 184165
37 39 -33189.6
37 40 -58919.6
37 41 -47742.6
37 42 -1681.38
37 43 -29227.3
37 44 -65338.8
37 45 -38802.8
37 46 15868.9
37 47 -12681.9
37 48 -20050.5
37 49 -19199.1
37 50 -9262.36
37 51 1312.19
37 52 -2005.27
37 53 10157.5
37 54 3063.18
37 55 -12243.5
37 56 -4674.35
37 57 -5302.89
37 58 -9558.65
37 59 -1444.07
37 60 189.513
37 61 -1636.22
37 62 -1995.78
37 63 82.3266
37 64 -2494.79
37 65 1375.46
37 66 1125.21
37 67 -2478.86
37 68 -1509.57
37 69 -2590.26
37 70 -681.74
37 71 435.96
37 72 1778.53
37 73 185.892
37 74 2184.96
37 75 1558.62
38 0 4.2896e+07
38 1 2.08818e+07
38 2 7.91247e+06
38 3 1.79797e+06
38 4 661374
38 5 -423234
38 6 -2.2699e+06
38 7 -262854
38 8 583258
38 9 -1.0136e+06
38 10 -1.76028e+06
38 11 -597462
38 12 1.16247e+06
38 13 958873
