0 0 6.95253e+07
0 1 1.42071e+07
0 2 -96319.5
0 3 204408
0 4 -355798
0 5 -1.15674e+06
0 6 5777.64
0 7 99297.4
0 8 95052.8
0 9 223640
0 10 173016
0 11 385270
0 12 -184225
0 13 209739
0 14 58932.5
0 15 -191416
0 16 -107933
0 17 112311
0 18 -17629.8
0 19 62446.6
0 20 -50962.3
0 21 -47188.1
0 22 2259.7
0 23 -33746.3
0 24 85095.2
0 25 13193.8
0 26 45350.6
0 27 71828.1
0 28 64818.4
0 29 58362.4
0 30 12739
0 31 -52874
0 32 -31576
0 33 -14896.9
0 34 26386
0 35 20823.1
0 36 -15394.4
0 37 7439.6
0 38 7.09027e+06
0 39 2.6212e+07
0 40 -1.40778e+06
0 41 -1.86994e+06
0 42 -492381
0 43 -1.03208e+06
0 44 -1.0144e+06
0 45 -1.63894e+06
0 46 25400.1
0 47 -426323
0 48 -1.24082e+06
0 49 -218938
0 50 891080
0 51 -1.04182e+06
0 52 -711301
0 53 -331810
0 54 -285067
0 55 -97544.8
0 56 90929.5
0 57 162276
0 58 -37886.8
0 59 -110466
0 60 -180125
0 61 -53198.2
0 62 151229
0 63 163248
0 64 84749.2
0 65 -18981.9
0 66 85609.7
0 67 72714.5
0 68 -21633.6
0 69 11517.8
0 70 159220
0 71 75966.6
0 72 -93285.5
0 73 -204977
0 74 26543.9
0 75 -14373.5
1 0 1.42071e+07
1 1 3.56726e+07
1 2 8.77976e+06
1 3 425328
1 4 -462690
1 5 267761
1 6 290532
1 7 107632
1 8 -357298
1 9 -374539
1 10 -36209.3
1 11 126375
1 12 64749.8
1 13 -96446.9
1 14 -37460.6
1 15 -12733.9
1 16 55949
1 17 32932.5
1 18 98801.8
1 19 52362.6
1 20 -7105.73
1 21 -4333.93
1 22 -47108.9
1 23 -34393.9
1 24 -55006.8
1 25 -15714.6
1 26 40862.7
1 27 -66485.1
1 28 -84284.2
1 29 34132
1 30 67816.4
1 31 39757.9
1 32 12965
1 33 10851.5
1 34 -20973.1
1 35 33152.8
1 36 20883.5
1 37 4035.91
1 38 1.30024e+07
1 39 1.34672e+07
1 40 1.58777e+07
1 41 1.9435e+06
1 42 -1.46729e+06
1 43 -1.66326e+06
1 44 -587874
1 45 -419846
1 46 -509745
1 47 -163976
1 48 -266670
1 49 147111
1 50 -141692
1 51 179894
1 52 161371
1 53 -84015.9
1 54 -110425
1 55 -85575
1 56 -219524
1 57 36630.5
1 58 281651
1 59 78467.3
1 60 -37830.1
1 61 -89787.3
1 62 -112417
1 63 -41650.5
1 64 6538.14
1 65 38137.3
1 66 129974
1 67 50234.2
1 68 -67962.1
1 69 -16916.3
1 70 -40138
1 71 -132936
1 72 -53625.2
1 73 90503.7
1 74 -9638.53
1 75 -11128.8
2 0 -96319.5
2 1 8.77976e+06
2 2 1.8874e+07
2 3 3.87372e+06
2 4 -252989
2 5 15805.4
2 6 150380
2 7 114208
2 8 -215195
2 9 -57204.2
2 10 135559
2 11 77752.5
2 12 161418
2 13 -47734
2 14 22374.5
2 15 -68502.4
2 16 -16661.9
2 17 -38993.2
2 18 69973.9
2 19 53043.3
2 20 54734.6
2 21 -21311.6
2 22 -24458.7
2 23 -9907.1
2 24 -48031.7
2 25 -9969.44
2 26 35560.9
2 27 1207.15
2 28 -50439.2
2 29 -5097.73
2 30 10418.5
2 31 32231.9
2 32 20478.7
2 33 21776.2
2 34 841.909
2 35 28053.9
2 36 19402.8
2 37 -8647.97
2 38 7.13269e+06
2 39 6.52894e+06
2 40 9.55327e+06
2 41 7.05918e+06
2 42 -587992
2 43 -131377
2 44 -273969
2 45 -346055
2 46 118594
2 47 481720
2 48 95460.3
2 49 -41272.4
2 50 -14429.2
2 51 356265
2 52 286779
2 53 107057
2 54 249035
2 55 91201.8
2 56 34592.4
2 57 -3661.59
2 58 54448.5
2 59 129515
2 60 103812
2 61 237.803
2 62 -87793.3
2 63 5848.32
2 64 3632.76
2 65 10597.1
2 66 10726
2 67 -49260.2
2 68 35208.6
2 69 -31393.2
2 70 -32549.6
2 71 -83881.8
2 72 -13098.3
2 73 75667.9
2 74 5931.82
2 75 33808.5
3 0 204408
3 1 425328
3 2 3.87372e+06
3 3 1.07241e+07
3 4 2.1285e+06
3 5 57239.1
3 6 47552.2
3 7 -105339
3 8 100828
3 9 1211.88
3 10 74442.7
3 11 -92219.7
3 12 -1462.78
3 13 62104.3
3 14 51029.2
3 15 6270.19
3 16 25737.7
3 17 23687.6
3 18 30843.7
3 19 23757.8
3 20 18091.7
3 21 -6340.59
3 22 7189.49
3 23 13575.9
3 24 2676.14
3 25 20143.3
3 26 5039.13
3 27 15127.1
3 28 8752.58
3 29 25870.1
3 30 6685.33
3 31 14578
3 32 26483.5
3 33 -1230.79
3 34 11219.2
3 35 12673.4
3 36 -3771.54
3 37 -14185.6
3 38 590026
3 39 1.0168e+06
3 40 4.27477e+06
3 41 3.66078e+06
3 42 4.31405e+06
3 43 348999
3 44 -292918
3 45 -799623
3 46 -17924.1
3 47 96942
3 48 7633.82
3 49 -137262
3 50 85599.2
3 51 42304.8
3 52 -147496
3 53 -107560
3 54 20461.5
3 55 87156
3 56 139291
3 57 179130
3 58 21633.9
3 59 39534.6
3 60 26536.2
3 61 90740.6
3 62 85545.2
3 63 -6886.2
3 64 -1435.41
3 65 -16815.4
3 66 18500.7
3 67 1580.18
3 68 9920.19
3 69 22440.6
3 70 20252.4
3 71 47005.4
3 72 23959.8
3 73 -287.592
3 74 19595.3
3 75 10960.1
4 0 -355798
4 1 -462690
4 2 -252989
4 3 2.1285e+06
4 4 5.86188e+06
4 5 1.39259e+06
4 6 99268.8
4 7 -31322.7
4 8 160268
4 9 54069
4 10 71612.5
4 11 7449.54
4 12 -71882.4
4 13 44633.9
4 14 13165
4 15 35296.2
4 16 30570.3
4 17 13715
4 18 -13657.5
4 19 11488.4
4 20 17387.1
4 21 12721.7
4 22 -14380.5
4 23 -10142.4
4 24 9467.48
4 25 21406.4
4 26 9355.59
4 27 17751.9
4 28 27031.4
4 29 14201.1
4 30 -2477.82
4 31 -10369.2
4 32 14091.2
4 33 2092.39
4 34 14275.9
4 35 7171.65
4 36 -16205.2
4 37 -4531.51
4 38 -1.22736e+06
4 39 -1.75723e+06
4 40 -112613
4 41 1.75563e+06
4 42 2.43977e+06
4 43 2.05542e+06
4 44 46403
4 45 -149615
4 46 254856
4 47 297603
4 48 -143727
4 49 24474.1
4 50 246278
4 51 -88738.9
4 52 -105031
4 53 19537.4
4 54 -39476.2
4 55 -3030.53
4 56 -11856.3
4 57 51295.5
4 58 40368.8
4 59 -5416.48
4 60 -13525.5
4 61 -434.111
4 62 -5055.63
4 63 -50331.1
4 64 -7651.73
4 65 -27087.8
4 66 -34405
4 67 -13348.1
4 68 1972.37
4 69 14536.5
4 70 19582.7
4 71 51761.5
4 72 15408.6
4 73 -11127.5
4 74 27903.9
4 75 -14831.2
5 0 -1.15674e+06
5 1 267761
5 2 15805.4
5 3 57239.1
5 4 1.39259e+06
5 5 3.44575e+06
5 6 657850
5 7 91979.9
5 8 147727
5 9 80903.1
5 10 36009.3
5 11 3968.11
5 12 70426.7
5 13 -3803.92
5 14 2528.96
5 15 22100.6
5 16 -8740.57
5 17 -1979.66
5 18 12045.4
5 19 34931.4
5 20 16629.8
5 21 30541.2
5 22 15344
5 23 14499.5
5 24 -2719.85
5 25 7702.6
5 26 3949.73
5 27 103.045
5 28 -4387.03
5 29 8730.34
5 30 5006.8
5 31 6888.56
5 32 3981.94
5 33 11745.4
5 34 3811.15
5 35 11920.3
5 36 1076.01
5 37 -1719.34
5 38 1.94032e+06
5 39 -59348.5
5 40 925747
5 41 802861
5 42 1.63791e+06
5 43 1.32081e+06
5 44 1.11549e+06
5 45 188544
5 46 38956.6
5 47 242961
5 48 158715
5 49 105441
5 50 -90658.6
5 51 49973.8
5 52 169584
5 53 98385.5
5 54 25982
5 55 9075.95
5 56 -6322.88
5 57 -8937.39
5 58 39502.5
5 59 39758.2
5 60 56689.3
5 61 49521.3
5 62 -26681.6
5 63 -21992.8
5 64 729.045
5 65 13382
5 66 -4030.05
5 67 -17990.7
5 68 -3990.58
5 69 10432.3
5 70 38989.6
5 71 -3053.3
5 72 10789.2
5 73 8196.47
5 74 4466.18
5 75 9806.74
6 0 5777.64
6 1 290532
6 2 150380
6 3 47552.2
6 4 99268.8
6 5 657850
6 6 2.11317e+06
6 7 477308
6 8 66244.1
6 9 109172
6 10 -8276.49
6 11 65125.2
6 12 -38202.5
6 13 32608.2
6 14 7308.25
6 15 -6718.21
6 16 7873.7
6 17 23767.5
6 18 4479.6
6 19 12047.6
6 20 25082
6 21 23997.5
6 22 11355.8
6 23 7625.95
6 24 3050.57
6 25 -4505.71
6 26 4755.03
6 27 7179.45
6 28 8888.51
6 29 -550.69
6 30 -6270.93
6 31 2802.01
6 32 5449.71
6 33 7584.48
6 34 4562.09
6 35 4018.08
6 36 -1688.98
6 37 6437.18
6 38 -582886
6 39 -160467
6 40 -651222
6 41 -129266
6 42 410079
6 43 1.25973e+06
6 44 1.05197e+06
6 45 761040
6 46 -77777.4
6 47 69560.3
6 48 42485.6
6 49 -100638
6 50 -64279.8
6 51 -154928
6 52 -101165
6 53 63378.4
6 54 15460.9
6 55 -38401
6 56 -1954.35
6 57 48496.4
6 58 27040.5
6 59 15775.1
6 60 15439.6
6 61 -2609.35
6 62 -31663.2
6 63 -36071.4
6 64 -1909.12
6 65 -19271.2
6 66 -30127
6 67 -13856.4
6 68 36214.5
6 69 12015.6
6 70 17728.2
6 71 -1062.86
6 72 9555.15
6 73 10982.2
6 74 23315.5
6 75 448.919
7 0 99297.4
7 1 107632
7 2 114208
7 3 -105339
7 4 -31322.7
7 5 91979.9
7 6 477308
7 7 1.55619e+06
7 8 418575
7 9 88749.5
7 10 17821.7
7 11 55049.4
7 12 8760.26
7 13 39582.8
7 14 5379.18
7 15 -116.741
7 16 14310.1
7 17 16932.6
7 18 14512.3
7 19 18861.5
7 20 16249.3
7 21 9216.95
7 22 18496.6
7 23 7135.02
7 24 8648.45
7 25 -5659.9
7 26 -987.661
7 27 7757.9
7 28 9695.81
7 29 326.578
7 30 1414.39
7 31 5311.65
7 32 8754.94
7 33 1924.78
7 34 8629.73
7 35 8966.67
7 36 10604.5
7 37 6006.66
7 38 346096
7 39 -554588
7 40 -392436
7 41 358159
7 42 415466
7 43 422650
7 44 771550
7 45 620305
7 46 467044
7 47 24679.8
7 48 -20440.7
7 49 -65277.6
7 50 16078.7
7 51 -71306.3
7 52 -73911.7
7 53 -48004.6
7 54 -54175.6
7 55 32268.4
7 56 31151.1
7 57 22073.9
7 58 -34063.7
7 59 5707.9
7 60 14468.5
7 61 7300.74
7 62 -6330.76
7 63 8763.59
7 64 15187
7 65 -13188.7
7 66 -22120.5
7 67 -13761.4
7 68 2033.97
7 69 10618.8
7 70 11920.9
7 71 7956.97
7 72 12345.7
7 73 3935.39
7 74 7808.41
7 75 3096.24
8 0 95052.8
8 1 -357298
8 2 -215195
8 3 100828
8 4 160268
8 5 147727
8 6 66244.1
8 7 418575
8 8 1.07458e+06
8 9 333885
8 10 44848.8
8 11 1507.78
8 12 -26402.4
8 13 75047
8 14 30040.9
8 15 5642.98
8 16 11585.7
8 17 27541.1
8 18 6594.61
8 19 5679.69
8 20 7240.1
8 21 1834.4
8 22 13256.2
8 23 3117.2
8 24 17560.4
8 25 -6.60834
8 26 -5307.27
8 27 12669.7
8 28 11265.9
8 29 5653.99
8 30 -4489.2
8 31 -5197.09
8 32 1951.97
8 33 -2537.15
8 34 -1357.71
8 35 7054.52
8 36 534.457
8 37 226.856
8 38 -1.46243e+06
8 39 -387641
8 40 -866085
8 41 -81075.3
8 42 628598
8 43 566135
8 44 421398
8 45 502865
8 46 438152
8 47 323583
8 48 -2167.31
8 49 -27892.9
8 50 157554
8 51 -49389
8 52 -128187
8 53 -16600.6
8 54 -25253
8 55 19369.7
8 56 66981.7
8 57 46448.6
8 58 -16034.5
8 59 3418.71
8 60 -18960.3
8 61 19294.9
8 62 31192.1
8 63 -379.638
8 64 13529.9
8 65 -12341.3
8 66 4154.32
8 67 973.717
8 68 924.193
8 69 5812.03
8 70 15866.9
8 71 16686.8
8 72 6589.64
8 73 -20113.2
8 74 11396.8
8 75 2416.04
9 0 223640
9 1 -374539
9 2 -57204.2
9 3 1211.88
9 4 54069
9 5 80903.1
9 6 109172
9 7 88749.5
9 8 333885
9 9 827051
9 10 191987
9 11 46649.9
9 12 -22001
9 13 25064.9
9 14 -1546.46
9 15 -10495.2
9 16 523.729
9 17 28087.8
9 18 -928.905
9 19 4226.09
9 20 7953.55
9 21 9123.63
9 22 6070.64
9 23 -7345.33
9 24 2226.26
9 25 7496.04
9 26 -1709.32
9 27 5874.73
9 28 8897.45
9 29 3778.01
9 30 66.6674
9 31 -2320.5
9 32 3478.91
9 33 2342.19
9 34 2609.01
9 35 2401.54
9 36 -5860.84
9 37 -3808.92
9 38 -1.0433e+06
9 39 9883.83
9 40 -454744
9 41 -232994
9 42 202854
9 43 396023
9 44 240839
9 45 56778
9 46 360897
9 47 205857
9 48 174793
9 49 47357.7
9 50 114232
9 51 -88277.7
9 52 -85458.3
9 53 7426.1
9 54 -20008.4
9 55 -13492
9 56 53336.1
9 57 67600.5
9 58 -5487.57
9 59 10508.8
9 60 -5106.83
9 61 7442.06
9 62 18078
9 63 5852.76
9 64 480.83
9 65 -14439.7
9 66 9357.8
9 67 7115.14
9 68 -896.366
9 69 7571.03
9 70 11044.3
9 71 5418.78
9 72 1814.48
9 73 -8159.37
9 74 9728.84
9 75 -225.646
10 0 173016
10 1 -36209.3
10 2 135559
10 3 74442.7
10 4 71612.5
10 5 36009.3
10 6 -8276.49
10 7 17821.7
10 8 44848.8
10 9 191987
10 10 585642
10 11 142535
10 12 7535.56
10 13 3484.41
10 14 -7040.28
10 15 -14354
10 16 -16043.9
10 17 10640
10 18 7466.34
10 19 6944.17
10 20 5184.7
10 21 1448.15
10 22 -201.458
10 23 -2670
10 24 4745.22
10 25 8425.28
10 26 2698.39
10 27 -1342.62
10 28 7192.76
10 29 6255.44
10 30 4481.36
10 31 4329.75
10 32 4319.56
10 33 727.39
10 34 1321.43
10 35 117.183
10 36 -2035.61
10 37 -1540.32
10 38 -291886
10 39 115106
10 40 3409.61
10 41 -66328.7
10 42 110552
10 43 304451
10 44 71025.8
10 45 29115
10 46 43749.3
10 47 156758
10 48 156235
10 49 249653
10 50 72094.9
10 51 -31385.4
10 52 33279.8
10 53 14865.3
10 54 6364.49
10 55 -4988.27
10 56 14041.4
10 57 20145.8
10 58 8351.06
10 59 -3148.34
10 60 -23442.7
10 61 -10885.5
10 62 -12146.2
10 63 -5063.9
10 64 715.954
10 65 4062.93
10 66 456.954
10 67 -3273.69
10 68 -1154.82
10 69 4948.53
10 70 6619.01
10 71 2911.36
10 72 2880.92
10 73 -4514.51
10 74 728.627
10 75 -1685.84
11 0 385270
11 1 126375
11 2 77752.5
11 3 -92219.7
11 4 7449.54
11 5 3968.11
11 6 65125.2
11 7 55049.4
11 8 1507.78
11 9 46649.9
11 10 142535
11 11 443459
11 12 87317.9
11 13 11277.5
11 14 -3492.85
11 15 -5164.18
11 16 7790.57
11 17 8512.53
11 18 -7448.37
11 19 4854.95
11 20 9136.28
11 21 2795.15
11 22 6463.04
11 23 -497.466
11 24 4627.97
11 25 631.11
11 26 1288.84
11 27 1988.19
11 28 8992.15
11 29 10286
11 30 6945.33
11 31 5535.99
11 32 4303.14
11 33 -2343.58
11 34 -1097.56
11 35 854.76
11 36 -2482
11 37 -936.867
11 38 176511
11 39 18685.9
11 40 75329
11 41 -100950
11 42 -19691.4
11 43 106360
11 44 11381.8
11 45 -27202
11 46 26686.8
11 47 46193.1
11 48 188254
11 49 179175
11 50 179275
11 51 -39889.1
11 52 12383.5
11 53 14737.9
11 54 13830.1
11 55 9277.93
11 56 -20574.5
11 57 -6606.85
11 58 6325.75
11 59 7012.41
11 60 -4217.3
11 61 14719.5
11 62 8361.78
11 63 4307.59
11 64 -9707.43
11 65 -3097.81
11 66 -852.329
11 67 -4716.41
11 68 -4834.81
11 69 687.385
11 70 9070.35
11 71 10072.9
11 72 3818.59
11 73 -5969.45
11 74 1072.95
11 75 -2371.26
12 0 -184225
12 1 64749.8
12 2 161418
12 3 -1462.78
12 4 -71882.4
12 5 70426.7
12 6 -38202.5
12 7 8760.26
12 8 -26402.4
12 9 -22001
12 10 7535.56
12 11 87317.9
12 12 350060
12 13 77292.7
12 14 4113.78
12 15 16077.6
12 16 5183.91
12 17 -8128.79
12 18 -1512.74
12 19 -108.888
12 20 4869.5
12 21 11064.3
12 22 3113.2
12 23 -2145.69
12 24 -468.327
12 25 2987.82
12 26 3237.79
12 27 -1234.33
12 28 -2320.18
12 29 1454.89
12 30 7084.84
12 31 4956.62
12 32 1358.46
12 33 3334.34
12 34 101.491
12 35 3636.67
12 36 5639.59
12 37 1660.67
12 38 797070
12 39 -128911
12 40 333894
12 41 338127
12 42 -68103.4
12 43 -184343
12 44 -73563.8
12 45 -13274
12 46 -111276
12 47 10448.4
12 48 68594.4
12 49 170901
12 50 54278
12 51 102575
12 52 62206.6
12 53 20623.5
12 54 36026.8
12 55 21700.2
12 56 -1351.29
12 57 1405.41
12 58 31360.1
12 59 13063.1
12 60 14599.4
12 61 9555.35
12 62 2289.58
12 63 1597.82
12 64 -3219.73
12 65 7791.1
12 66 437.15
12 67 2058.35
12 68 4610.67
12 69 2176.88
12 70 -8256.03
12 71 -9671.37
12 72 1428.54
12 73 7060.4
12 74 -2660.76
12 75 -4068.23
13 0 209739
13 1 -96446.9
13 2 -47734
13 3 62104.3
13 4 44633.9
13 5 -3803.92
13 6 32608.2
13 7 39582.8
13 8 75047
13 9 25064.9
13 10 3484.41
13 11 11277.5
13 12 77292.7
13 13 294920
13 14 75243.2
13 15 3249.07
13 16 10439.2
13 17 11811
13 18 -898.913
13 19 6238.74
13 20 8418.13
13 21 8381.09
13 22 9519.42
13 23 6333.5
13 24 13373.3
13 25 11793.7
13 26 2887.22
13 27 8266.44
13 28 8451.46
13 29 8435.59
13 30 3586.99
13 31 751.162
13 32 2532.25
13 33 2838.4
13 34 5226.24
13 35 2584.2
13 36 1074.33
13 37 2405.22
13 38 -298059
13 39 -174538
13 40 -446265
13 41 112203
13 42 266677
13 43 111548
13 44 33493.9
13 45 -75963.6
13 46 17848.5
13 47 47422.3
13 48 -30660.8
13 49 -3450.09
13 50 147305
13 51 37029.8
13 52 12478.4
13 53 418.313
13 54 1777.05
13 55 1138.81
13 56 13740.5
13 57 12910.7
13 58 -1833.74
13 59 -1223.2
13 60 -5866.38
13 61 6462.09
13 62 18965.1
13 63 -10237.5
13 64 3475.28
13 65 -7910.38
13 66 -1162.59
13 67 4025.45
13 68 4775.24
13 69 5347.22
13 70 7832.93
13 71 12774.4
13 72 3432.27
13 73 -7471.57
13 74 5464.34
13 75 -2655.72
14 0 58932.5
14 1 -37460.6
14 2 22374.5
14 3 51029.2
14 4 13165
14 5 2528.96
14 6 7308.25
14 7 5379.18
14 8 30040.9
14 9 -1546.46
14 10 -7040.28
14 11 -3492.85
14 12 4113.78
14 13 75243.2
14 14 204784
14 15 49935.4
14 16 12130.7
14 17 15733.6
14 18 8166.14
14 19 7891.84
14 20 2798.1
14 21 3571.8
14 22 5901.41
14 23 4956.98
14 24 7070.04
14 25 8146.68
14 26 3751.56
14 27 3519.75
14 28 4134.97
14 29 6330.58
14 30 2184.35
14 31 3227.03
14 32 764.37
14 33 2303.41
14 34 1879.47
14 35 1014.29
14 36 1590.08
14 37 3119.04
14 38 365570
14 39 474043
14 40 -13890.2
14 41 73410.4
14 42 168756
14 43 59594.7
14 44 72720.8
14 45 -56896.5
14 46 -17251.5
14 47 19385.9
14 48 30431.9
14 49 10515
14 50 14853.9
14 51 51931.6
14 52 47940.5
14 53 65933.6
14 54 15027.2
14 55 13073.3
14 56 14721.8
14 57 12491
14 58 2973.41
14 59 4734.16
14 60 -661.22
14 61 -367.607
14 62 4903.14
14 63 596.302
14 64 3781.67
14 65 499.733
14 66 4833.18
14 67 -173.185
14 68 1629.86
14 69 353.569
14 70 3678.39
14 71 3246.61
14 72 1326.2
14 73 -2426.52
14 74 9.06435
14 75 2101.64
15 0 -191416
15 1 -12733.9
15 2 -68502.4
15 3 6270.19
15 4 35296.2
15 5 22100.6
15 6 -6718.21
15 7 -116.741
15 8 5642.98
15 9 -10495.2
15 10 -14354
15 11 -5164.18
15 12 16077.6
15 13 3249.07
15 14 49935.4
15 15 155529
15 16 37864.2
15 17 2266.14
15 18 1053.68
15 19 2860.12
15 20 -1700.7
15 21 1819.36
15 22 549.404
15 23 -2536.14
15 24 3651.75
15 25 3215.31
15 26 5846.57
15 27 4156.19
15 28 -372.453
15 29 1210.64
15 30 2430.49
15 31 4461.43
15 32 1100.53
15 33 1371.3
15 34 -80.3417
15 35 1358.04
15 36 2786.35
15 37 658.001
15 38 461107
15 39 162455
15 40 177134
15 41 50780.5
15 42 6494.5
15 43 2785.59
15 44 42903.9
15 45 21883.5
15 46 -13850.7
15 47 23966.3
15 48 41900.2
15 49 17341
15 50 7501.49
15 51 45537.7
15 52 60311.3
15 53 37537.7
15 54 45738.5
15 55 9707.72
15 56 6991.98
15 57 -8532.29
15 58 -2066.61
15 59 2902.73
15 60 1169.79
15 61 -3836.29
15 62 6022.05
15 63 2131.39
15 64 1952.75
15 65 903.04
15 66 1119.69
15 67 1050.83
15 68 977.273
15 69 -2533.66
15 70 -4707.23
15 71 -6547.13
15 72 -457.022
15 73 4129.3
15 74 4833.07
15 75 5415.42
16 0 -107933
16 1 55949
16 2 -16661.9
16 3 25737.7
16 4 30570.3
16 5 -8740.57
16 6 7873.7
16 7 14310.1
16 8 11585.7
16 9 523.729
16 10 -16043.9
16 11 7790.57
16 12 5183.91
16 13 10439.2
16 14 12130.7
16 15 37864.2
16 16 120865
16 17 29982.2
16 18 9412.02
16 19 3410.46
16 20 1360.21
16 21 4131.17
16 22 894.922
16 23 -3321.29
16 24 2152.51
16 25 2319.58
16 26 3794.61
16 27 4480.09
16 28 3987.16
16 29 4618.12
16 30 3289.86
16 31 3479.5
16 32 3510.48
16 33 767.659
16 34 2315.76
16 35 2238.35
16 36 -49.8832
16 37 1285.94
16 38 -267705
16 39 -112125
16 40 -80689.3
16 41 100067
16 42 54399.9
16 43 41702.5
16 44 39263.8
16 45 -3466.16
16 46 44935.7
16 47 54006.2
16 48 40190
16 49 28083.1
16 50 28377.8
16 51 19662.6
16 52 -5329.15
16 53 29088.1
16 54 11554.3
16 55 32047.6
16 56 8407.01
16 57 -373.87
16 58 522.93
16 59 -2346.59
16 60 -5950.23
16 61 3066.33
16 62 8770.89
16 63 2239.17
16 64 1908.9
16 65 4412.99
16 66 -2410.54
16 67 95.9016
16 68 -1163.6
16 69 -2601.51
16 70 453.655
16 71 -83.8614
16 72 -974.293
16 73 -2339.35
16 74 4943.17
16 75 -186.42
17 0 112311
17 1 32932.5
17 2 -38993.2
17 3 23687.6
17 4 13715
17 5 -1979.66
17 6 23767.5
17 7 16932.6
17 8 27541.1
17 9 28087.8
17 10 10640
17 11 8512.53
17 12 -8128.79
17 13 11811
17 14 15733.6
17 15 2266.14
17 16 29982.2
17 17 98568
17 18 25621.5
17 19 9481.03
17 20 2402.38
17 21 -2010.2
17 22 -873.667
17 23 923.763
17 24 5434.97
17 25 3055.4
17 26 244.46
17 27 2459.52
17 28 2660.8
17 29 1786.39
17 30 1865.18
17 31 1968.69
17 32 249.288
17 33 -254.83
17 34 2481.74
17 35 3756.3
17 36 473.406
17 37 1179.85
17 38 -359704
17 39 -251597
17 40 -58606.6
17 41 -25181.5
17 42 47419.8
17 43 27138.2
17 44 -17091.8
17 45 -25200.5
17 46 1136.06
17 47 8363.19
17 48 9598.29
17 49 13802.3
17 50 42163
17 51 -3381.2
17 52 -21102.5
17 53 718.066
17 54 20172.9
17 55 6429.31
17 56 29001.7
17 57 11710
17 58 -8769.52
17 59 -11695
17 60 -2638.01
17 61 -504.061
17 62 1028.17
17 63 1638.98
17 64 4168.69
17 65 -1925.47
17 66 -1896.51
17 67 1279.49
17 68 -1326.99
17 69 -1282.36
17 70 3971.93
17 71 3481.07
17 72 -3173.19
17 73 -7808.19
17 74 2117.37
17 75 168.09
18 0 -17629.8
18 1 98801.8
18 2 69973.9
18 3 30843.7
18 4 -13657.5
18 5 12045.4
18 6 4479.6
18 7 14512.3
18 8 6594.61
18 9 -928.905
18 10 7466.34
18 11 -7448.37
18 12 -1512.74
18 13 -898.913
18 14 8166.14
18 15 1053.68
18 16 9412.02
18 17 25621.5
18 18 75812.5
18 19 19952
18 20 -359.876
18 21 -2565.84
18 22 -742.182
18 23 2367.71
18 24 4259.51
18 25 1356.61
18 26 446.837
18 27 540.274
18 28 2404.31
18 29 178.884
18 30 1145.58
18 31 827.473
18 32 399.696
18 33 963.037
18 34 2545.89
18 35 1448.46
18 36 1661.78
18 37 626.099
18 38 -1249.13
18 39 -43127.8
18 40 7574.75
18 41 3199.14
18 42 60001.7
18 43 -19644.2
18 44 -10836.4
18 45 1388.64
18 46 -71.8877
18 47 -723.293
18 48 -7863.24
18 49 -6099.49
18 50 -523.67
18 51 167.342
18 52 -16634.1
18 53 1658.03
18 54 -4182.59
18 55 18616.8
18 56 7525.69
18 57 15550.5
18 58 -2446.03
18 59 -4473.1
18 60 -2818.01
18 61 -1669.02
18 62 -1083.53
18 63 -668.34
18 64 2406.2
18 65 2709.66
18 66 832.818
18 67 2953.61
18 68 -1241.85
18 69 -2046.54
18 70 2447.41
18 71 -2354.6
18 72 -2534.04
18 73 -1190.15
18 74 1195.04
18 75 -60.2631
19 0 62446.6
19 1 52362.6
19 2 53043.3
19 3 23757.8
19 4 11488.4
19 5 34931.4
19 6 12047.6
19 7 18861.5
19 8 5679.69
19 9 4226.09
19 10 6944.17
19 11 4854.95
19 12 -108.888
19 13 6238.74
19 14 7891.84
19 15 2860.12
19 16 3410.46
19 17 9481.03
19 18 19952
19 19 63552.1
19 20 14995.3
19 21 2309.8
19 22 369.699
19 23 1740.33
19 24 3454.55
19 25 2309.47
19 26 1928.47
19 27 2432
19 28 3163.16
19 29 1781.95
19 30 144.793
19 31 1419.72
19 32 855.239
19 33 462.073
19 34 1104.08
19 35 -431.651
19 36 324.713
19 37 947.357
19 38 -81270.3
19 39 -64719.2
19 40 -109312
19 41 -58018.8
19 42 29129.4
19 43 13668.2
19 44 1589.09
19 45 3603.01
19 46 -814.712
19 47 -14404.9
19 48 -13636.1
19 49 -12015.9
19 50 5116.71
19 51 226.358
19 52 -3002.81
19 53 7317.02
19 54 -1512.01
19 55 1010
19 56 17023.4
19 57 10624.4
19 58 7905.75
19 59 -140.666
19 60 -3982.87
19 61 -310.632
19 62 -1677.13
19 63 -424.302
19 64 4906.48
19 65 -713.359
19 66 -2047.95
19 67 -2755.79
19 68 -3082.92
19 69 -1029.16
19 70 1915.63
19 71 -1924.91
19 72 -3489.11
19 73 -353.1
19 74 2489.36
19 75 2456.13
20 0 -50962.3
20 1 -7105.73
20 2 54734.6
20 3 18091.7
20 4 17387.1
20 5 16629.8
20 6 25082
20 7 16249.3
20 8 7240.1
20 9 7953.55
20 10 5184.7
20 11 9136.28
20 12 4869.5
20 13 8418.13
20 14 2798.1
20 15 -1700.7
20 16 1360.21
20 17 2402.38
20 18 -359.876
20 19 14995.3
20 20 55272.2
20 21 17360.3
20 22 3275.49
20 23 173.544
20 24 1049.9
20 25 1111.58
20 26 588.004
20 27 1067.45
20 28 2222.63
20 29 1711.75
20 30 -1435.21
20 31 1867.86
20 32 898.591
20 33 504.527
20 34 -188.983
20 35 -136.601
20 36 809.124
20 37 144.971
20 38 9339.7
20 39 107715
20 40 51915.9
20 41 6933.59
20 42 -58301.5
20 43 -6739.79
20 44 1609.32
20 45 1429.36
20 46 -68.8648
20 47 236.976
20 48 4664.33
20 49 2873.35
20 50 13738.8
20 51 -2132.37
20 52 11310.7
20 53 8692.09
20 54 -4188.28
20 55 4308.08
20 56 8590.58
20 57 14237
20 58 5499.39
20 59 14325.7
20 60 -325.689
20 61 790.007
20 62 -1062.61
20 63 -3370.07
20 64 748.546
20 65 476.219
20 66 789.944
20 67 -1575.85
20 68 -1967.21
20 69 -442.33
20 70 2548.49
20 71 45.5512
20 72 1841.17
20 73 2965.28
20 74 -1439.42
20 75 -1329.42
21 0 -47188.1
21 1 -4333.93
21 2 -21311.6
21 3 -6340.59
21 4 12721.7
21 5 30541.2
21 6 23997.5
21 7 9216.95
21 8 1834.4
21 9 9123.63
21 10 1448.15
21 11 2795.15
21 12 11064.3
21 13 8381.09
21 14 3571.8
21 15 1819.36
21 16 4131.17
21 17 -2010.2
21 18 -2565.84
21 19 2309.8
21 20 17360.3
21 21 48775.4
21 22 14046.9
21 23 2284.77
21 24 1107.33
21 25 2557.95
21 26 1507.05
21 27 1567.58
21 28 1711.23
21 29 846.365
21 30 2203.78
21 31 1737.07
21 32 2780.9
21 33 549.014
21 34 338.276
21 35 747.696
21 36 1725.97
21 37 1073.66
21 38 200746
21 39 41560.5
21 40 669.003
21 41 -27226.2
21 42 13100.5
21 43 28858.3
21 44 -14999.3
21 45 11575.5
21 46 10236.6
21 47 1052.55
21 48 26601.8
21 49 16323.5
21 50 -5968.62
21 51 -8396.17
21 52 6012.09
21 53 5083.65
21 54 -1993.23
21 55 -279.722
21 56 -5058.38
21 57 -7158.25
21 58 11871.9
21 59 12874.8
21 60 13479.7
21 61 4541.04
21 62 666.663
21 63 -1407.76
21 64 -2478.95
21 65 1054.53
21 66 -38.0328
21 67 -1196.69
21 68 -1590.01
21 69 746.003
21 70 -165.923
21 71 -1612.43
21 72 1384.66
21 73 1688.97
21 74 768.407
21 75 -1463.77
22 0 2259.7
22 1 -47108.9
22 2 -24458.7
22 3 7189.49
22 4 -14380.5
22 5 15344
22 6 11355.8
22 7 18496.6
22 8 13256.2
22 9 6070.64
22 10 -201.458
22 11 6463.04
22 12 3113.2
22 13 9519.42
22 14 5901.41
22 15 549.404
22 16 894.922
22 17 -873.667
22 18 -742.182
22 19 369.699
22 20 3275.49
22 21 14046.9
22 22 41649.5
22 23 10524.6
22 24 4911.2
22 25 2764.31
22 26 1505.39
22 27 1183.68
22 28 1548.52
22 29 1368.45
22 30 -165.558
22 31 710.981
22 32 2470.65
22 33 1612.09
22 34 1600.11
22 35 557.586
22 36 938.512
22 37 1780.76
22 38 31419.1
22 39 61308.6
22 40 -72014.8
22 41 -48978.3
22 42 671.102
22 43 -12195.4
22 44 -16767.2
22 45 -18306.2
22 46 -9813
22 47 1215.67
22 48 -5339.34
22 49 -3287.88
22 50 11681.6
22 51 -8004.29
22 52 1024.38
22 53 3756.96
22 54 -4843.23
22 55 1209.49
22 56 -6527.46
22 57 -3274.78
22 58 -1073.93
22 59 9541.38
22 60 2540.11
22 61 7423.51
22 62 -1289.68
22 63 -1117.41
22 64 -1252.34
22 65 -2598.99
22 66 -2471.51
22 67 -2460.89
22 68 -109.057
22 69 1444.89
22 70 2986.14
22 71 2217.84
22 72 -181.309
22 73 -2367.96
22 74 -3061.36
22 75 -1302.73
23 0 -33746.3
23 1 -34393.9
23 2 -9907.1
23 3 13575.9
23 4 -10142.4
23 5 14499.5
23 6 7625.95
23 7 7135.02
23 8 3117.2
23 9 -7345.33
23 10 -2670
23 11 -497.466
23 12 -2145.69
23 13 6333.5
23 14 4956.98
23 15 -2536.14
23 16 -3321.29
23 17 923.763
23 18 2367.71
23 19 1740.33
23 20 173.544
23 21 2284.77
23 22 10524.6
23 23 34241.6
23 24 10633
23 25 2393.72
23 26 1397.47
23 27 969.682
23 28 -146.507
23 29 2000.2
23 30 1267.94
23 31 977.83
23 32 2021.16
23 33 1654.34
23 34 1080.79
23 35 1056.39
23 36 616.487
23 37 1491.96
23 38 -18042.6
23 39 -101048
23 40 -60094.7
23 41 59903
23 42 42864.3
23 43 -1688.1
23 44 -14089.4
23 45 -4872.78
23 46 -19309.4
23 47 -7753.18
23 48 -6720.09
23 49 -8241.15
23 50 4566.53
23 51 3074.29
23 52 -1870.58
23 53 -4190.75
23 54 -3648.95
23 55 -3782.74
23 56 -10812.1
23 57 -6273.82
23 58 3681.5
23 59 5209.74
23 60 13344.3
23 61 3197.65
23 62 3501.73
23 63 1522.44
23 64 599.023
23 65 63.2457
23 66 -31.0147
23 67 -2139.2
23 68 1521.22
23 69 1550.52
23 70 586.518
23 71 1822.86
23 72 1028.66
23 73 -749.858
23 74 1090.44
23 75 508.202
24 0 85095.2
24 1 -55006.8
24 2 -48031.7
24 3 2676.14
24 4 9467.48
24 5 -2719.85
24 6 3050.57
24 7 8648.45
24 8 17560.4
24 9 2226.26
24 10 4745.22
24 11 4627.97
24 12 -468.327
24 13 13373.3
24 14 7070.04
24 15 3651.75
24 16 2152.51
24 17 5434.97
24 18 4259.51
24 19 3454.55
24 20 1049.9
24 21 1107.33
24 22 4911.2
24 23 10633
24 24 34722.8
24 25 9781.72
24 26 1906.91
24 27 2693.2
24 28 2542.81
24 29 1333.66
24 30 1037
24 31 908.326
24 32 1863.05
24 33 838.229
24 34 976.905
24 35 665.164
24 36 676.418
24 37 2990.88
24 38 -165637
24 39 -70996
24 40 -153289
24 41 -29037.2
24 42 11691.9
24 43 11321.5
24 44 16039.8
24 45 -5329.15
24 46 -4886.98
24 47 3302.79
24 48 -6439.18
24 49 593.801
24 50 26307.1
24 51 1893.01
24 52 -3982.21
24 53 -9102.39
24 54 -7679.47
24 55 -3242.32
24 56 3712.87
24 57 7544.87
24 58 3333.71
24 59 3161.64
24 60 -72.0671
24 61 11184
24 62 7221.83
24 63 8896.28
24 64 3183.37
24 65 -545.348
24 66 -258.409
24 67 2215.49
24 68 2699.16
24 69 2748.99
24 70 2024.38
24 71 4116.15
24 72 823.606
24 73 -2525.8
24 74 2640.33
24 75 1463.8
25 0 13193.8
25 1 -15714.6
25 2 -9969.44
25 3 20143.3
25 4 21406.4
25 5 7702.6
25 6 -4505.71
25 7 -5659.9
25 8 -6.60834
25 9 7496.04
25 10 8425.28
25 11 631.11
25 12 2987.82
25 13 11793.7
25 14 8146.68
25 15 3215.31
25 16 2319.58
25 17 3055.4
25 18 1356.61
25 19 2309.47
25 20 1111.58
25 21 2557.95
25 22 2764.31
25 23 2393.72
25 24 9781.72
25 25 28550
25 26 7756.72
25 27 3392.98
25 28 2105.81
25 29 2116.05
25 30 1277.12
25 31 1845.07
25 32 1676.35
25 33 1890.55
25 34 2090.15
25 35 1262.81
25 36 1528.66
25 37 1985.77
25 38 -32519.7
25 39 33832.7
25 40 -72751.6
25 41 28545.1
25 42 -4416.8
25 43 -34441.8
25 44 -1887.09
25 45 -15472.3
25 46 -27012.3
25 47 7142.05
25 48 13995
25 49 3152.77
25 50 5516.97
25 51 4396.3
25 52 7875.97
25 53 120.714
25 54 -9860.44
25 55 -6572.5
25 56 -3220.41
25 57 1207.31
25 58 50.4102
25 59 -1400.83
25 60 210.556
25 61 -542.229
25 62 5609.89
25 63 -76.1293
25 64 3728.48
25 65 -58.074
25 66 680.821
25 67 1302.64
25 68 2553.97
25 69 1798.38
25 70 145
25 71 -644.171
25 72 1005.92
25 73 -990.685
25 74 1346.97
25 75 1707.74
26 0 45350.6
26 1 40862.7
26 2 35560.9
26 3 5039.13
26 4 9355.59
26 5 3949.73
26 6 4755.03
26 7 -987.661
26 8 -5307.27
26 9 -1709.32
26 10 2698.39
26 11 1288.84
26 12 3237.79
26 13 2887.22
26 14 3751.56
26 15 5846.57
26 16 3794.61
26 17 244.46
26 18 446.837
26 19 1928.47
26 20 588.004
26 21 1507.05
26 22 1505.39
26 23 1397.47
26 24 1906.91
26 25 7756.72
26 26 20775.9
26 27 5445.69
26 28 534.501
26 29 963.268
26 30 1595.84
26 31 1657.25
26 32 1549.22
26 33 1254.71
26 34 735.987
26 35 1403.54
26 36 1691.18
26 37 1746.43
26 38 79728.5
26 39 78201.9
26 40 43441.7
26 41 56099.8
26 42 -28913.5
26 43 -42941.1
26 44 -10146.3
26 45 7813.5
26 46 -16825.1
26 47 -9517.61
26 48 7784.84
26 49 10722.3
26 50 -1127.51
26 51 4341.14
26 52 8038.66
26 53 4346.25
26 54 577.46
26 55 2864.96
26 56 1077.33
26 57 -4755.31
26 58 -2996.28
26 59 -2914.25
26 60 1632.04
26 61 -2172.73
26 62 -3989.42
26 63 560.648
26 64 417.125
26 65 4056.85
26 66 -902.896
26 67 -2535.51
26 68 268.75
26 69 840.529
26 70 -1812.11
26 71 -3394.63
26 72 -915.32
26 73 -40.7668
26 74 631.369
26 75 631.646
27 0 71828.1
27 1 -66485.1
27 2 1207.15
27 3 15127.1
27 4 17751.9
27 5 103.045
27 6 7179.45
27 7 7757.9
27 8 12669.7
27 9 5874.73
27 10 -1342.62
27 11 1988.19
27 12 -1234.33
27 13 8266.44
27 14 3519.75
27 15 4156.19
27 16 4480.09
27 17 2459.52
27 18 540.274
27 19 2432
27 20 1067.45
27 21 1567.58
27 22 1183.68
27 23 969.682
27 24 2693.2
27 25 3392.98
27 26 5445.69
27 27 20300.3
27 28 6907.54
27 29 2514.36
27 30 1265.16
27 31 843.357
27 32 1135.66
27 33 1393.95
27 34 1054.76
27 35 917.266
27 36 669.535
27 37 674.546
27 38 -43237.9
27 39 31378
27 40 -52355.8
27 41 5993.62
27 42 26506.1
27 43 12164.6
27 44 13567.1
27 45 7598.44
27 46 15909.9
27 47 8091.46
27 48 -6715.12
27 49 -10048.6
27 50 13055
27 51 -4162.01
27 52 -1989.81
27 53 1308.42
27 54 -2370.76
27 55 3114.29
27 56 5501.89
27 57 3001.52
27 58 -1261.67
27 59 -4619.41
27 60 -5408.96
27 61 -838.632
27 62 3117.85
27 63 1197.8
27 64 3907.55
27 65 -3826.14
27 66 1981.58
27 67 1658.13
27 68 1109.03
27 69 1820.33
27 70 2308.46
27 71 1246.65
27 72 1297.23
27 73 -1026.33
27 74 1094.26
27 75 183.162
28 0 64818.4
28 1 -84284.2
28 2 -50439.2
28 3 8752.58
28 4 27031.4
28 5 -4387.03
28 6 8888.51
28 7 9695.81
28 8 11265.9
28 9 8897.45
28 10 7192.76
28 11 8992.15
28 12 -2320.18
28 13 8451.46
28 14 4134.97
28 15 -372.453
28 16 3987.16
28 17 2660.8
28 18 2404.31
28 19 3163.16
28 20 2222.63
28 21 1711.23
28 22 1548.52
28 23 -146.507
28 24 2542.81
28 25 2105.81
28 26 534.501
28 27 6907.54
28 28 16678.4
28 29 5581.49
28 30 870.952
28 31 279.164
28 32 976.192
28 33 1007.21
28 34 978.726
28 35 830.134
28 36 560.043
28 37 472.251
28 38 -265233
28 39 -52243.7
28 40 -118102
28 41 -73565.4
28 42 3524.2
28 43 14318.6
28 44 30786.7
28 45 20660.6
28 46 25308.8
28 47 -2281.26
28 48 -9768.64
28 49 -7943.28
28 50 11440.8
28 51 -8298.1
28 52 -4137.96
28 53 -1126.43
28 54 -9776.56
28 55 161.039
28 56 3847.03
28 57 8178.37
28 58 626.562
28 59 -256.638
28 60 -3374.47
28 61 -1084.65
28 62 1263.28
28 63 -1097.69
28 64 -149.845
28 65 204.589
28 66 146.42
28 67 3832.46
28 68 762.285
28 69 323.85
28 70 1218.01
28 71 3501.9
28 72 1023.31
28 73 -2327.02
28 74 495.542
28 75 521.429
29 0 58362.4
29 1 34132
29 2 -5097.73
29 3 25870.1
29 4 14201.1
29 5 8730.34
29 6 -550.69
29 7 326.578
29 8 5653.99
29 9 3778.01
29 10 6255.44
29 11 10286
29 12 1454.89
29 13 8435.59
29 14 6330.58
29 15 1210.64
29 16 4618.12
29 17 1786.39
29 18 178.884
29 19 1781.95
29 20 1711.75
29 21 846.365
29 22 1368.45
29 23 2000.2
29 24 1333.66
29 25 2116.05
29 26 963.268
29 27 2514.36
29 28 5581.49
29 29 15049.1
29 30 4087.88
29 31 828.278
29 32 1345.23
29 33 899.891
29 34 939.812
29 35 256.534
29 36 864.572
29 37 487.36
29 38 7733.99
29 39 43865.3
29 40 -47272.1
29 41 20881.1
29 42 34787.3
29 43 26974.3
29 44 25393.9
29 45 5887.92
29 46 4958.32
29 47 5209.16
29 48 -9770.65
29 49 -7760.26
29 50 11538
29 51 -7647.14
29 52 -1029.32
29 53 2542.86
29 54 -4356.32
29 55 1313.6
29 56 865.45
29 57 5455.85
29 58 1355.4
29 59 -1654.17
29 60 -2881.03
29 61 -2098.07
29 62 -2333.27
29 63 -3168.9
29 64 -834.272
29 65 -2141.95
29 66 2064.02
29 67 291.766
29 68 3022.07
29 69 660.137
29 70 803.363
29 71 148.866
29 72 -341.929
29 73 -1628.32
29 74 870.968
29 75 762.09
30 0 12739
30 1 67816.4
30 2 10418.5
30 3 6685.33
30 4 -2477.82
30 5 5006.8
30 6 -6270.93
30 7 1414.39
30 8 -4489.2
30 9 66.6674
30 10 4481.36
30 11 6945.33
30 12 7084.84
30 13 3586.99
30 14 2184.35
30 15 2430.49
30 16 3289.86
30 17 1865.18
30 18 1145.58
30 19 144.793
30 20 -1435.21
30 21 2203.78
30 22 -165.558
30 23 1267.94
30 24 1037
30 25 1277.12
30 26 1595.84
30 27 1265.16
30 28 870.952
30 29 4087.88
30 30 13922
30 31 3920.21
30 32 1289.41
30 33 543.896
30 34 193.141
30 35 679.197
30 36 1247.49
30 37 696.323
30 38 183861
30 39 42917
30 40 40294.1
30 41 1796.47
30 42 -146.636
30 43 -19910.9
30 44 -11311.6
30 45 -5843.42
30 46 -8687.32
30 47 2172.53
30 48 11730.6
30 49 12628.9
30 50 -691.31
30 51 2624.52
30 52 4702.52
30 53 1635.67
30 54 3833.08
30 55 2812.11
30 56 -4181.03
30 57 -1927.77
30 58 1653.42
30 59 -396.323
30 60 2996.11
30 61 233.905
30 62 -783.787
30 63 -246.035
30 64 161.687
30 65 622.672
30 66 1064.46
30 67 2743.89
30 68 -510.616
30 69 871.963
30 70 -1380.6
30 71 -708.553
30 72 69.1855
30 73 336.892
30 74 -437.638
30 75 77.2394
31 0 -52874
31 1 39757.9
31 2 32231.9
31 3 14578
31 4 -10369.2
31 5 6888.56
31 6 2802.01
31 7 5311.65
31 8 -5197.09
31 9 -2320.5
31 10 4329.75
31 11 5535.99
31 12 4956.62
31 13 751.162
31 14 3227.03
31 15 4461.43
31 16 3479.5
31 17 1968.69
31 18 827.473
31 19 1419.72
31 20 1867.86
31 21 1737.07
31 22 710.981
31 23 977.83
31 24 908.326
31 25 1845.07
31 26 1657.25
31 27 843.357
31 28 279.164
31 29 828.278
31 30 3920.21
31 31 11384.9
31 32 3169.97
31 33 1235.66
31 34 563.765
31 35 751.253
31 36 1033.57
31 37 466.882
31 38 176015
31 39 47125.7
31 40 34595.5
31 41 8418.71
31 42 -20477.6
31 43 -16127.9
31 44 2095.78
31 45 4863.19
31 46 -8584.98
31 47 -13979.4
31 48 6987.49
31 49 7223.28
31 50 -13790.8
31 51 5337.56
31 52 11965
31 53 5661.35
31 54 6414.12
31 55 2402.79
31 56 -1398.8
31 57 -2494.08
31 58 1122.12
31 59 2350.43
31 60 2504.01
31 61 835.618
31 62 -2133.57
31 63 -225.921
31 64 356.14
31 65 1942.15
31 66 -171.598
31 67 31.0612
31 68 1618.89
31 69 -865.178
31 70 710.639
31 71 -941.663
31 72 -23.3589
31 73 1396.32
31 74 -258.436
31 75 135.252
32 0 -31576
32 1 12965
32 2 20478.7
32 3 26483.5
32 4 14091.2
32 5 3981.94
32 6 5449.71
32 7 8754.94
32 8 1951.97
32 9 3478.91
32 10 4319.56
32 11 4303.14
32 12 1358.46
32 13 2532.25
32 14 764.37
32 15 1100.53
32 16 3510.48
32 17 249.288
32 18 399.696
32 19 855.239
32 20 898.591
32 21 2780.9
32 22 2470.65
32 23 2021.16
32 24 1863.05
32 25 1676.35
32 26 1549.22
32 27 1135.66
32 28 976.192
32 29 1345.23
32 30 1289.41
32 31 3169.97
32 32 10543.6
32 33 2886.31
32 34 1413.97
32 35 1364.68
32 36 1011.35
32 37 835.403
32 38 187139
32 39 56704.3
32 40 -13316.8
32 41 -15384
32 42 -6589.13
32 43 -3426.45
32 44 2405.11
32 45 10320.2
32 46 72.6748
32 47 -13898.2
32 48 -3487.1
32 49 4180.71
32 50 1333.59
32 51 -879.533
32 52 461.576
32 53 3272.77
32 54 -763.459
32 55 3010.57
32 56 -259.941
32 57 -2296.44
32 58 926.767
32 59 2518.15
32 60 1180.41
32 61 -201.296
32 62 -288.576
32 63 79.9903
32 64 -526.982
32 65 -847.13
32 66 -2076.41
32 67 -1443.86
32 68 520.788
32 69 1474.71
32 70 -1416.73
32 71 732.424
32 72 -584.698
32 73 256.805
32 74 281.722
32 75 523.434
33 0 -14896.9
33 1 10851.5
33 2 21776.2
33 3 -1230.79
33 4 2092.39
33 5 11745.4
33 6 7584.48
33 7 1924.78
33 8 -2537.15
33 9 2342.19
33 10 727.39
33 11 -2343.58
33 12 3334.34
33 13 2838.4
33 14 2303.41
33 15 1371.3
33 16 767.659
33 17 -254.83
33 18 963.037
33 19 462.073
33 20 504.527
33 21 549.014
33 22 1612.09
33 23 1654.34
33 24 838.229
33 25 1890.55
33 26 1254.71
33 27 1393.95
33 28 1007.21
33 29 899.891
33 30 543.896
33 31 1235.66
33 32 2886.31
33 33 9724.92
33 34 3439.37
33 35 791.797
33 36 839.691
33 37 682.252
33 38 138237
33 39 88730
33 40 36479.5
33 41 -26192.2
33 42 -22586.7
33 43 -10008.1
33 44 5555.77
33 45 9293.66
33 46 -5065.86
33 47 -629.444
33 48 -4657.31
33 49 -14700.4
33 50 -11584.8
33 51 1702.58
33 52 2441.54
33 53 -2740.05
33 54 -4923.45
33 55 -2178.53
33 56 500.469
33 57 -668.519
33 58 -2409.28
33 59 -2271.54
33 60 204.804
33 61 -2.4472
33 62 -996.584
33 63 -2122.18
33 64 -1185.3
33 65 -896.164
33 66 107.042
33 67 -810.814
33 68 918.28
33 69 -278.51
33 70 1381.59
33 71 -805.346
33 72 679.482
33 73 -364.556
33 74 -699.756
33 75 -148.693
34 0 26386
34 1 -20973.1
34 2 841.909
34 3 11219.2
34 4 14275.9
34 5 3811.15
34 6 4562.09
34 7 8629.73
34 8 -1357.71
34 9 2609.01
34 10 1321.43
34 11 -1097.56
34 12 101.491
34 13 5226.24
34 14 1879.47
34 15 -80.3417
34 16 2315.76
34 17 2481.74
34 18 2545.89
34 19 1104.08
34 20 -188.983
34 21 338.276
34 22 1600.11
34 23 1080.79
34 24 976.905
34 25 2090.15
34 26 735.987
34 27 1054.76
34 28 978.726
34 29 939.812
34 30 193.141
34 31 563.765
34 32 1413.97
34 33 3439.37
34 34 8994.77
34 35 2340.95
34 36 799.895
34 37 930.375
34 38 15651.4
34 39 65399.2
34 40 -10819
34 41 -6263
34 42 6496.36
34 43 26767
34 44 11378.1
34 45 1495.9
34 46 6472.98
34 47 -3799.51
34 48 -5734.58
34 49 -7961.77
34 50 2408.33
34 51 -4136.26
34 52 -4082.51
34 53 -661.399
34 54 -255.841
34 55 1683.4
34 56 4075.16
34 57 1804.51
34 58 -1616.6
34 59 -1296.45
34 60 1174.37
34 61 -35.0922
34 62 -434.712
34 63 -3474.12
34 64 -2065.32
34 65 -1911.59
34 66 -654.898
34 67 927.141
34 68 1535.17
34 69 691.78
34 70 661.566
34 71 1942.24
34 72 -393.97
34 73 1179.87
34 74 257.656
34 75 243.555
35 0 20823.1
35 1 33152.8
35 2 28053.9
35 3 12673.4
35 4 7171.65
35 5 11920.3
35 6 4018.08
35 7 8966.67
35 8 7054.52
35 9 2401.54
35 10 117.183
35 11 854.76
35 12 3636.67
35 13 2584.2
35 14 1014.29
35 15 1358.04
35 16 2238.35
35 17 3756.3
35 18 1448.46
35 19 -431.651
35 20 -136.601
35 21 747.696
35 22 557.586
35 23 1056.39
35 24 665.164
35 25 1262.81
35 26 1403.54
35 27 917.266
35 28 830.134
35 29 256.534
35 30 679.197
35 31 751.253
35 32 1364.68
35 33 791.797
35 34 2340.95
35 35 8250.71
35 36 2592.07
35 37 709.859
35 38 70562.1
35 39 36223
35 40 17058.8
35 41 25788.7
35 42 -9128.08
35 43 -6158.69
35 44 1748.58
35 45 13870.7
35 46 3108.88
35 47 -3956.12
35 48 4357.53
35 49 2861.44
35 50 19.8102
35 51 1559.29
35 52 152.076
35 53 -691.123
35 54 4043.47
35 55 3633.17
35 56 3980.86
35 57 -1150.73
35 58 -273.601
35 59 -931.805
35 60 548.669
35 61 28.2319
35 62 -1569.73
35 63 -2579.74
35 64 -1100.42
35 65 -249.209
35 66 -404.274
35 67 1906.33
35 68 737.782
35 69 -700.295
35 70 -107.831
35 71 818.719
35 72 1491.06
35 73 -281.387
35 74 1821.94
35 75 1064.66
36 0 -15394.4
36 1 20883.5
36 2 19402.8
36 3 -3771.54
36 4 -16205.2
36 5 1076.01
36 6 -1688.98
36 7 10604.5
36 8 534.457
36 9 -5860.84
36 10 -2035.61
36 11 -2482
36 12 5639.59
36 13 1074.33
36 14 1590.08
36 15 2786.35
36 16 -49.8832
36 17 473.406
36 18 1661.78
36 19 324.713
36 20 809.124
36 21 1725.97
36 22 938.512
36 23 616.487
36 24 676.418
36 25 1528.66
36 26 1691.18
36 27 669.535
36 28 560.043
36 29 864.572
36 30 1247.49
36 31 1033.57
36 32 1011.35
36 33 839.691
36 34 799.895
36 35 2592.07
36 36 7766.95
36 37 2183.67
36 38 112039
36 39 25491.8
36 40 11653.8
36 41 25929.4
36 42 -6080.47
36 43 -23673
36 44 1426.27
36 45 10237.4
36 46 -1170.89
36 47 -9432.18
36 48 5320.83
36 49 7702.36
36 50 -6875.19
36 51 3356.45
36 52 13883
36 53 5227.64
36 54 2607.79
36 55 2886.78
36 56 -1910.44
36 57 -3085.63
36 58 1822.82
36 59 3223.38
36 60 3523.82
36 61 1816.9
36 62 -1267.46
36 63 -393.683
36 64 -900.235
36 65 634.482
36 66 -510.86
36 67 399.377
36 68 611.072
36 69 1023.86
36 70 -284.556
36 71 -875.366
36 72 519.261
36 73 1986.72
36 74 -862.957
36 75 1237.21
37 0 7439.6
37 1 4035.91
37 2 -8647.97
37 3 -14185.6
37 4 -4531.51
37 5 -1719.34
37 6 6437.18
37 7 6006.66
37 8 226.856
37 9 -3808.92
37 10 -1540.32
37 11 -936.867
37 12 1660.67
37 13 2405.22
37 14 3119.04
37 15 658.001
37 16 1285.94
37 17 1179.85
37 18 626.099
37 19 947.357
37 20 144.971
37 21 1073.66
37 22 1780.76
37 23 1491.96
37 24 2990.88
37 25 1985.77
37 26 1746.43
37 27 674.546
37 28 472.251
37 29 487.36
37 30 696.323
37 31 466.882
37 32 835.403
37 33 682.252
37 34 930.375
37 35 709.859
37 36 2183.67
37 37 6940.66
37 38 74464.7
37 39 14532
37 40 -30957.1
37 41 -34973.4
37 42 -56665
37 43 -24987.1
37 44 -4635.38
37 45 -6801.09
37 46 -7132.31
37 47 -4594.22
37 48 2407.83
37 49 -9253.62
37 50 -7478.65
37 51 -743.1
37 52 4731.91
37 53 -20.234
37 54 -2869.59
37 55 182.977
37 56 -1375.8
37 57 -2217.66
37 58 72.1484
37 59 1443.2
37 60 1699.87
37 61 634.034
37 62 -928.954
37 63 -783.396
37 64 -943.314
37 65 -497.496
37 66 -1148.95
37 67 -1027.59
37 68 -629.788
37 69 407.046
37 70 -42.3848
37 71 -366.903
37 72 293.118
37 73 249.178
37 74 448.194
37 75 -937.537
38 0 7.09027e+06
38 1 1.30024e+07
38 2 7.13269e+06
38 3 590026
38 4 -1.22736e+06
38 5 1.94032e+06
38 6 -582886
38 7 346096
38 8 -1.46243e+06
38 9 -1.0433e+06
38 10 -291886
38 11 176511
38 12 797070
38 13 -298059
38 14 365570
